6134
3219
981
7101
3067
3403
3933
4865
2548
3072
8266
8554
1249
321
6539
1818
797
4744
7367
8393
2983
8512
6610
3144
3854
1662
3200
5369
1610
4869
2487
6857
611
7848
4397
750
3906
1444
5853
7029
6741
3482
1999
6580
1389
2275
6839
6702
3734
1865
8023
7043
2815
3240
5065
1955
1673
8206
1763
3537
1931
6929
2813
6377
3862
2838
7139
2944
7305
7824
3506
8655
7312
6622
1880
2344
4608
36
1131
2315
2285
1844
4520
159
8308
3275
7706
5830
1803
2272
5021
6641
8674
5344
4001
6981
3412
2880
222
6409
5785
3597
874
5907
2287
2636
5803
6745
7070
3611
1923
8285
1920
2333
1897
3760
2102
42
6028
7871
6184
5232
6432
152
3090
84
2568
7881
4655
772
3158
8275
1894
1107
7710
4148
4443
2989
7625
8093
6780
5378
1503
7383
265
432
375
5584
769
6063
6951
5115
2780
6427
971
4489
1970
363
6896
5591
7560
103
2619
7545
3398
5681
2175
5052
3781
3487
1129
3536
970
8128
1263
7484
5799
6943
98
2445
1823
868
4333
4151
4721
3310
2140
8143
8064
1801
2834
7932
6093
1081
2762
3527
2873
2028
8587
8377
5618
5724
1073
3191
3946
4268
5881
3858
4500
3031
6703
302
8440
2581
5511
5243
5053
8471
3213
4383
3498
2575
6534
7236
3489
4909
2482
4939
5975
8236
7078
127
7977
5017
146
3864
3332
175
790
5177
297
2798
881
420
3185
397
1566
780
6786
8424
4405
1118
1810
8224
2984
559
5116
5872
8593
225
7284
937
5048
2311
4494
4233
5569
1717
3470
6382
5114
8633
8692
5106
140
2231
7326
6406
8533
7294
6814
2540
3187
1758
7106
17
5531
6025
1319
3556
7189
3869
4155
8623
2224
7493
5165
2967
2257
8359
3645
1415
1873
1148
7002
8271
6941
8163
675
1922
335
3075
2307
893
5770
798
7605
6676
2709
3576
5758
8142
6157
5175
7581
488
7243
1123
1368
4621
4476
6065
8678
656
5444
1146
1400
4274
4017
2185
688
3691
2973
6746
4269
2923
1515
3305
6136
3509
7614
7966
5690
8222
5600
4119
2067
1988
3374
3042
900
5545
4554
6375
1103
8473
7912
3352
938
8484
845
5706
598
5810
165
7596
2363
2233
3994
1197
5678
2483
326
402
1195
7960
5131
7686
6723
1465
40
677
6750
51
2432
3993
1624
3043
4881
550
8545
3376
3281
7756
7006
886
1042
3286
5449
843
2429
5903
4389
3448
4892
7456
207
6489
5043
4009
6675
5813
8164
2730
5804
7982
2507
4623
2713
1424
2978
7761
7142
7001
4904
7098
3505
1690
5740
7165
4426
8536
1581
2766
4157
7113
2874
3084
3353
5692
1829
30
7203
6599
4569
300
3150
2593
5295
6525
3528
7892
374
4760
1631
1460
4406
8290
3203
7319
977
8631
5070
6737
3733
7555
7452
1934
820
1533
6515
8302
7795
3855
2268
4580
2371
59
2499
8257
194
7585
3800
3963
6909
2901
1350
761
4023
1090
3812
3313
4858
5885
7309
3053
3379
8549
1839
7225
3796
5972
5277
2131
7038
6336
1016
2564
3077
7557
3791
7459
3552
6327
3569
5307
5833
174
618
1878
7286
4729
1358
3258
560
1798
2643
7939
7045
3441
6200
5886
6818
3961
244
4895
4412
614
5621
4761
8573
7388
291
3017
5923
1984
6956
7427
803
4183
4874
5540
3283
3675
7104
2404
3620
3500
2351
8019
8189
2096
5363
8311
7163
4728
2279
1360
6771
343
8566
6813
882
338
2495
6043
1554
2003
4803
6232
8488
6601
7617
899
4501
6397
4152
6290
6716
3545
6979
4395
5386
8419
3843
1471
8171
82
4588
6726
1936
8144
3745
877
1294
1470
3147
3407
1355
4153
7311
1442
942
1576
7837
187
377
846
2797
6841
8044
286
8238
3318
1047
2203
435
6426
3517
1664
568
7970
4951
2854
7417
1375
3551
5157
6235
951
6343
8494
4811
1046
3253
8054
3228
3732
1745
7919
6456
7335
191
4824
8443
188
1243
2058
3687
299
5294
4286
4586
5957
4929
6217
2948
1078
6381
1875
7502
3785
6338
1354
1635
3849
2288
1384
4228
7281
3986
3391
1228
5118
8682
2101
7580
1659
5195
5581
4935
2357
5008
6858
4997
8104
8346
5638
7925
5791
7759
3570
1425
5418
6689
5646
8600
743
4794
4495
691
1723
6582
2044
5673
1024
705
4537
760
4166
1528
8289
1601
3692
8039
1714
3543
5774
4949
3845
6048
6135
6904
842
5140
5443
2195
1150
7789
4156
3173
7718
408
4778
2907
8705
3494
5912
7738
2654
5290
3662
6729
5368
390
3105
6017
7024
7027
8059
3729
2083
4699
5805
4230
6229
666
2931
5751
3452
5934
8126
6359
4300
6367
2657
7579
7212
8279
3947
4012
7081
7068
2297
7446
7256
6982
4310
1500
3355
439
1689
7805
1705
1166
1119
1886
7085
8644
7146
5739
3079
6600
5313
4170
1323
6373
6237
4739
8428
2705
8605
4798
3378
5426
7755
4901
2031
3272
6268
1242
7806
6760
1283
2889
3129
4498
201
3653
1703
7125
6878
5367
2378
4898
4028
1893
7299
2000
2158
2259
3907
1917
1916
793
421
3593
3070
177
3694
2456
3765
7771
3838
2665
4585
1502
8115
5062
6429
6428
2790
6856
6870
6299
3647
3642
2802
3641
2807
2808
6861
3640
3636
6308
2676
2673
6243
7039
2497
2498
3809
2503
7064
3808
2509
2510
3807
7058
6188
7056
2516
7054
2518
6190
3797
6192
2524
7048
3792
3789
2535
2536
2541
7042
2543
7069
2496
7071
7088
6170
3835
2465
2467
7097
3830
2469
2471
2472
3826
7090
2480
6176
7072
7086
2485
3817
3814
7080
3811
2492
7077
3810
7075
2494
7073
7040
2544
2662
6196
3749
3747
2615
6233
2616
2622
3742
2632
6985
2633
3739
2638
2640
2641
2642
2644
3738
2646
6975
6974
2647
3737
2652
6969
6241
3730
2656
6227
6998
6225
2576
6198
7033
3778
3777
6204
2556
2558
6205
2565
3775
3770
3764
2582
2609
2584
6213
7012
7011
2597
2601
7008
6218
3754
6220
7003
6224
2881
2887
2451
6618
6447
6613
3140
3141
3418
3143
3417
6452
3156
3414
6454
3161
3165
3397
3167
6596
6594
6593
3169
3395
3170
3393
3172
3176
6586
3389
3182
6444
3433
2890
3439
6420
6655
3094
3468
6424
3463
6648
3454
6430
3453
3104
3108
6640
3113
6636
6435
3446
3115
6438
3445
3125
3128
6627
6625
6624
3130
3131
3183
6581
3189
6467
3363
6542
3254
6484
3264
3267
6536
6535
3358
6487
3277
3282
6530
6488
3289
6490
3296
6524
3354
3351
6493
3347
6518
3344
3342
6513
3324
3250
6545
3249
6565
6578
6468
6576
3387
3380
3195
6572
6471
3204
3206
3375
3208
6476
3365
6477
3367
3211
6558
3221
3223
3224
3225
3227
3234
3238
3241
6657
3477
3088
6371
3578
2938
6351
6352
3577
6354
6767
6766
2943
3572
2945
2949
2950
6358
2955
3566
6753
2960
3563
2962
2963
2964
6365
3562
3561
6742
6739
3580
3587
6776
6797
6811
6810
2893
3618
2894
3616
6805
3608
2899
6800
3607
2903
2904
3598
2905
2906
6793
2910
6790
2912
6788
2919
6784
2926
2933
2934
2972
3555
6661
3550
3039
3508
3044
3045
6692
6691
3501
3052
6685
3495
3493
6682
3057
3061
6408
6678
6677
3492
3066
6673
6411
6671
6414
3078
6665
3481
3082
3510
3032
6699
3521
2979
6731
3549
6376
3544
6727
6378
3540
6724
3533
3004
6385
3520
3030
3010
6715
3519
3013
3516
3515
6709
3514
6394
3020
6395
6396
2455
3836
1443
1725
1732
7532
5920
1742
5921
7528
4189
4179
4176
1752
4175
7522
7521
1755
5929
1759
4173
1760
1761
1766
1767
1768
1769
7509
1771
1774
1775
5916
4195
5969
5914
1678
4217
7568
7567
5895
1682
1683
1684
7562
4215
1687
5897
7558
5899
1696
4212
5902
7551
1699
1700
4205
7546
1704
4202
4201
4200
4196
1778
4159
1787
1788
1857
7458
1858
1863
1864
1866
1867
1874
1877
5962
1882
1884
7444
1891
7442
1892
1895
4118
1901
1905
1906
5967
7432
7431
1910
1912
1913
5959
7461
1850
1821
7497
1792
1794
7492
1797
5941
4149
1805
4147
1811
1816
1819
4144
4136
5946
1832
4140
7477
7476
4139
1841
4138
5951
7470
7469
7468
4219
5891
7574
1569
4320
1505
1509
1510
5818
7680
7679
1513
4311
7676
1518
1521
4304
5827
5828
1546
1550
7661
4296
1557
1559
4293
5835
5838
7653
7651
5840
4322
1495
7690
5800
1446
7726
4361
1447
1449
7720
7719
7716
1455
7713
1457
1459
4347
7691
4346
4345
1480
7703
4335
1481
7699
1489
1490
4329
4326
4324
4290
1573
5890
7646
5865
1623
7606
5870
1632
4250
5876
7598
1637
1638
1640
5877
7593
4237
1646
1651
7588
7587
1652
4231
5883
4221
4220
1667
5888
5889
1672
3338
7611
7612
5851
7644
7643
1575
7640
7639
4285
1582
4283
5848
1588
7633
4281
4279
5863
7627
4273
4271
7622
7621
5859
4270
1608
5861
7616
7615
4264
1915
1921
6168
2229
2237
7222
3955
6094
2245
2247
7216
6095
3950
3943
2255
7207
2256
2260
3930
2263
2264
2270
3926
7198
2278
7195
3920
6112
2298
2299
2302
2232
3960
5970
7229
2154
4010
4008
4004
2160
6064
7260
2166
7258
6066
2171
2172
4000
7252
2177
6074
3984
2190
7242
2204
2208
3979
3977
3970
2222
6086
3962
2304
6114
2309
6116
7144
3884
6144
2398
6148
7135
3876
2407
3871
3870
2419
7126
3860
6158
6159
2426
2427
2430
7117
3848
2434
3844
3841
2439
7110
7109
2440
3885
7147
2390
6126
2313
7180
2318
3912
6119
3905
3904
2326
2327
6124
2331
2337
6127
7149
6128
3895
3893
2356
7158
2370
2376
6137
2380
6139
7151
7150
2151
6060
7270
7347
4083
5991
7381
1986
5993
7377
7376
1989
4075
1996
4070
7369
1998
2006
6001
2015
2018
2022
2026
7359
2027
6002
2033
6004
2035
4066
7349
1981
4084
1976
1954
4112
4106
4105
5974
4104
1937
7414
1940
1941
1944
1947
5981
1957
1974
7401
7399
1960
1961
7396
4092
1965
1966
1968
7391
1969
4088
4065
7346
7271
4064
6035
7304
4038
7300
7298
6042
2113
4034
2116
6046
2121
2122
2125
2126
7285
7283
2136
4019
6055
4016
2141
4014
2143
7275
2144
6059
2148
6034
2099
2092
7324
7343
2048
6011
4059
4058
4052
7332
2066
7330
7329
6021
6023
2075
6033
4050
7321
2078
2082
6029
2084
2085
2087
7313
2088
2090
6032
4262
