6134	8424
3219	3733
981	3072
7101	5799
3067	3854
3403	750
3933	2880
4865	2983
2548	2967
3072	7493
8266	1444
8554	5369
1249	7824
321	1865
6539	7001
1818	1146
797	5386
4744	488
7367	5785
8393	750
2983	5881
8512	1131
6610	7142
3144	7139
3854	3067
1662	4383
3200	7106
5369	7824
1610	4148
4869	559
2487	3075
6857	4489
611	981
7848	1624
4397	3781
750	6943
3906	4397
1444	3611
5853	1118
7029	2713
6741	6675
3482	4909
1999	5065
6580	4869
1389	2978
2275	7977
6839	3482
6702	3398
3734	5344
1865	8655
8023	3043
7043	4939
2815	2989
3240	5065
5065	6134
1955	1503
1673	7236
8206	5803
1763	893
3537	4494
1931	2378
6929	8554
2813	2548
6377	3219
3862	5770
2838	3067
7139	2445
2944	8605
7305	3072
7824	5621
3506	7824
8655	675
7312	3272
6622	1839
1880	1673
2344	6745
4608	7848
36	3527
1131	6857
2315	772
2285	1673
1844	6065
4520	772
159	1931
8308	1078
3275	4156
7706	2140
5830	5853
1803	6703
2272	2487
5021	981
6641	6409
8674	6290
5344	8512
4001	7367
6981	3200
3412	611
2880	6737
222	2275
6409	3537
5785	159
3597	2838
874	2983
5907	5511
2287	5175
2636	6676
5803	291
6745	4929
7070	2333
3611	6343
1923	1610
8285	5307
1920	5690
2333	3487
1897	6857
3760	5048
2102	6184
42	4739
6028	1662
7871	3072
6184	2445
5232	1920
6432	3072
152	7459
3090	1610
84	4655
2568	8471
7881	1920
4655	300
772	3067
3158	8279
8275	6217
1894	7367
1107	175
7710	5369
4148	2780
4443	4655
2989	4333
7625	1631
8093	1801
6780	5540
5378	5804
1503	559
7383	6377
265	5739
432	1758
375	3144
5584	8512
769	7029
6063	1920
6951	2311
5115	6746
2780	7417
6427	611
971	5017
4489	2259
1970	3506
363	225
6896	7326
5591	3734
7560	1923
103	3732
2619	5065
7545	3403
3398	2880
5681	1955
2175	5017
5052	8545
3781	4586
3487	559
1129	3042
3536	3412
970	3144
8128	8419
1263	750
7484	772
5799	7002
6943	5885
98	3219
2445	6336
1823	6750
868	1818
4333	5048
4151	1195
4721	1703
3310	8266
2140	7824
8143	568
8064	1444
1801	3286
2834	5678
7932	3933
6093	3412
1081	191
2762	7871
3527	8289
2873	3150
2028	4520
8587	3946
8377	3854
5618	7101
5724	550
1073	6200
3191	8311
3946	1931
4268	5581
5881	7101
3858	6065
4500	6979
3031	4494
6703	6760
302	3084
8440	8308
2581	8554
5511	84
5243	2357
5053	2713
8471	1865
3213	2730
4383	6157
3498	8512
2575	4009
6534	1970
7236	3734
3489	4498
4909	611
2482	7043
4939	2429
5975	3537
8236	8549
7078	4155
127	1723
7977	8393
5017	8308
146	432
3864	1249
3332	2730
175	1624
790	780
5177	5021
297	7312
2798	1471
881	3398
420	2873
3185	5195
397	3173
1566	3993
780	3482
6786	2499
8424	8633
4405	981
1118	4489
1810	2780
8224	2357
2984	5770
559	6729
5116	1078
5872	2344
8593	7484
225	7932
7284	1865
937	8206
5048	1880
2311	4383
4494	8064
4233	7335
5569	6290
1717	7113
3470	611
6382	7101
5114	7932
8633	3374
8692	780
5106	6539
140	3551
2231	8633
7326	84
6406	3537
8533	2984
7294	5810
6814	8484
2540	7484
3187	7871
1758	6539
7106	1875
17	402
5531	4397
6025	6981
1319	3611
3556	4608
7189	3144
3869	7388
4155	3862
8623	1955
2224	2923
7493	845
5165	1148
2967	2288
2257	7614
8359	7029
3645	4001
1415	5017
1873	191
1148	103
7002	6377
8271	2067
6941	4183
8163	3281
675	4721
1922	3854
335	8393
3075	3933
2307	36
893	59
5770	103
798	4865
7605	3781
6676	3075
2709	4269
3576	1931
5758	4608
8142	3158
6157	6373
5175	1249
7581	1389
488	2315
7243	8554
1123	321
1368	3734
4621	2272
4476	1839
6065	8143
8678	3845
656	7281
5444	7043
1146	5803
1400	7848
4274	2272
4017	5443
2185	7848
688	1465
3691	8484
2973	6622
6746	6641
4269	7824
2923	3933
1515	2272
3305	3498
6136	5690
3509	3733
7614	7081
7966	611
5690	1470
8222	4949
5600	1263
4119	6981
2067	7319
1988	2568
3374	5830
3042	6134
900	6489
5545	6539
4554	2315
6375	6857
1103	3933
8473	3785
7912	6290
3352	981
938	2058
8484	8206
845	1920
5706	7312
598	8023
5810	6703
165	1444
7596	8554
2363	797
2233	8144
3994	6702
1197	7982
5678	5378
2483	51
326	2429
402	6610
1195	6814
7960	3760
5131	6741
7686	5369
6723	1610
1465	6229
40	6327
677	977
6750	5692
51	1073
2432	4951
3993	4865
1624	8554
3043	6676
4881	1389
550	1354
8545	3620
3376	769
3281	6641
7756	6599
7006	1400
886	5531
1042	1758
3286	691
5449	8104
843	750
2429	8554
5903	3403
4389	7305
3448	2838
4892	3691
7456	2636
207	1502
6489	5972
5043	611
4009	8163
6675	8236
5813	1515
8164	374
2730	7459
5804	6702
7982	2780
2507	3487
4623	8308
2713	3403
1424	3286
2978	4028
7761	2575
7142	374
7001	8674
4904	2665
7098	7029
3505	3219
1690	7625
5740	5344
7165	5678
4426	8600
8536	1897
1581	8023
2766	3200
4157	435
7113	971
2874	5017
3084	3734
3353	8222
5692	6771
1829	8308
30	6726
7203	3933
6599	7101
4569	5131
300	6737
3150	4869
2593	2813
5295	1880
6525	4268
3528	4233
7892	7502
374	843
4760	3527
1631	6641
1460	6200
4406	2140
8290	420
3203	5638
7319	2297
977	893
8631	3854
5070	3407
6737	2031
3733	2285
7555	797
7452	140
1934	4909
820	2140
1533	4501
6515	8266
8302	1148
7795	3906
3855	5344
2268	6622
4580	3144
2371	750
59	2445
2499	4155
8257	7002
194	3597
7585	5799
3800	1662
3963	420
6909	3854
2901	1294
1350	3067
761	1673
4023	1400
1090	375
3812	2224
3313	5531
4858	3070
5885	321
7309	1818
3053	7078
3379	2889
8549	7081
1839	1803
7225	4397
3796	6515
5972	5885
5277	1893
2131	8593
7038	6741
6336	6929
1016	6745
2564	1880
3077	1635
7557	4028
3791	265
7459	300
3552	5386
6327	2548
3569	7256
5307	40
5833	5021
174	4500
618	797
1878	750
7286	3403
4729	4157
1358	8206
3258	4608
560	611
1798	3796
2643	1148
7939	6134
7045	7029
3441	4148
6200	5017
5886	302
6818	6377
3961	6377
244	159
4895	6409
4412	6951
614	2798
5621	1970
4761	4009
8573	6409
7388	2838
291	6780
3017	4148
5923	3219
1984	2285
6956	4001
7427	4904
803	3692
4183	4585
4874	1955
5540	1350
3283	6951
3675	2231
7104	1894
2404	6382
3620	8023
3500	7236
2351	2285
8019	3528
8189	1717
2096	3796
5363	6641
8311	3448
7163	3075
4728	1922
2279	4520
1360	7756
6771	5881
343	5600
8566	2371
6813	42
882	2619
338	5363
2495	7710
6043	6641
1554	3509
2003	4588
4803	7312
6232	3253
8488	2548
6601	4443
7617	1503
899	6841
4501	8424
6397	3219
4152	6063
6290	1465
6716	3864
3545	7367
6979	6741
4395	397
5386	265
8419	302
3843	8424
1471	7002
8171	677
82	5243
4588	3906
6726	4569
1936	2487
8144	6857
3745	8308
877	7824
1294	1880
1470	8279
3147	8494
3407	2272
1355	3203
4153	6580
7311	321
1442	6896
942	8419
1576	5531
7837	2880
187	140
377	42
846	2287
2797	3187
6841	8554
8044	4520
286	2568
8238	3506
3318	937
1047	2445
2203	8533
435	3551
6426	2568
3517	8128
1664	614
568	222
7970	6702
4951	8275
2854	2487
7417	5803
1375	4153
3551	5785
5157	6432
6235	1090
951	1249
6343	2285
8494	408
4811	5277
1046	338
3253	8377
8054	750
3228	3645
3732	6065
1745	4655
7919	7459
6456	5853
7335	882
191	1581
4824	3864
8443	3067
188	769
1243	3412
2058	2287
3687	3482
299	177
5294	5853
4286	7912
4586	7710
5957	5344
4929	2984
6217	2371
2948	7101
1078	4951
6381	8393
1875	6610
7502	2838
3785	5673
6338	1664
1354	1865
1635	321
3849	4929
2288	2780
1384	1389
4228	4824
7281	2275
3986	2568
3391	8023
1228	3854
5118	2231
8682	7139
2101	1931
7580	4949
1659	432
5195	7106
5581	2003
4935	1920
2357	3412
5008	7960
6858	146
4997	4869
8104	8554
8346	5803
5638	7367
7925	1319
5791	5853
7759	1610
3570	2272
1425	2813
5418	1500
6689	5070
5646	1880
8600	3185
743	846
4794	291
4495	761
691	2813
1723	7871
6582	5803
2044	688
5673	3993
1024	5131
705	7452
4537	6896
760	5584
4166	1119
1528	1249
8289	30
1601	5803
3692	1818
8039	7029
1714	1016
3543	326
5774	4721
4949	3219
3845	2507
6048	8512
6135	5344
6904	1119
842	6786
5140	8164
5443	7045
2195	4443
1150	5591
7789	2636
4156	2499
3173	3067
7718	4744
408	6134
4778	5770
2907	886
8705	2285
3494	5885
5912	2344
7738	8593
2654	7824
5290	4621
3662	1444
6729	3993
5368	7977
390	846
3105	6136
6017	6746
7024	900
7027	8302
8059	5903
3729	797
2083	8655
4699	8393
5805	3144
4230	3858
6229	7795
666	5021
2931	882
5751	1444
3452	4939
5934	7892
8126	2798
6359	326
4300	2780
6367	175
2657	790
7579	1839
7212	1081
8279	4858
3947	5724
4012	2487
7081	3441
7068	6456
2297	560
7446	1763
7256	6610
6982	3536
4310	194
1500	3376
3355	3403
439	6397
1689	2140
7805	5907
1705	8206
1166	8289
1119	1249
1886	8266
7085	7545
8644	7388
7146	2371
5739	8512
3079	4383
6600	1922
5313	3219
4170	3854
1323	1920
6373	1400
6237	2983
4739	1294
8428	1801
2705	3645
8605	7756
4798	6741
3378	6750
5426	1763
7755	5369
4901	618
2031	3933
3272	5923
6268	17
1242	3067
7806	8494
6760	1934
1283	3275
2889	175
3129	6406
4498	8266
201	8705
3653	7312
1703	2315
7125	1662
6878	3200
5367	8257
2378	938
4898	1931
4028	1123
1893	2140
7299	981
2000	769
2158	4869
2259	8554
3907	7493
1917	3536
1916	3854
793	3403
421	6539
3593	3933
3070	6427
177	5052
3694	3470
2456	1129
3765	4017
7771	3283
3838	2279
2665	8554
4585	1129
1502	4721
8115	1249
5062	7919
6429	5106
6428	3072
2790	7614
6856	397
6870	2445
6299	6134
3647	7756
3642	3200
2802	140
3641	4520
2807	5618
2808	7545
6861	5313
3640	6338
3636	6909
6308	798
2676	1763
2673	3645
6243	7388
7039	3855
2497	3800
2498	6878
3809	5600
2503	3275
7064	3072
3808	6200
2509	3796
2510	1150
3807	7427
7058	5106
6188	6028
7056	8587
2516	2175
7054	8266
2518	3597
6190	1533
3797	1263
6192	1601
2524	5758
7048	1763
3792	6327
3789	297
2535	8655
2536	140
2541	7585
7042	8143
2543	6580
7069	3077
2496	6746
7071	1923
7088	7029
6170	7932
3835	4760
2465	3506
2467	6675
7097	1880
3830	2989
2469	7027
2471	1818
2472	4608
3826	2482
7090	7738
2480	8682
6176	5386
7072	3144
7086	3448
2485	6065
3817	5833
3814	2815
7080	3281
3811	611
2492	3854
7077	5692
3810	1610
7075	3791
2494	3258
7073	3961
7040	3765
2544	5243
2662	6028
6196	1103
3749	5368
3747	2730
2615	4909
6233	5021
2616	7824
2622	7919
3742	3310
2632	7312
6985	7824
2633	1073
3739	2311
2638	1471
2640	1581
2641	3219
2642	5934
2644	5344
3738	7139
2646	1690
6975	5600
6974	7029
2647	1875
3737	4333
2652	5175
6969	761
6241	6525
3730	6839
2656	750
6227	7367
6998	6406
6225	2456
2576	140
6198	3403
7033	1955
3778	3067
3777	2429
6204	5531
2556	4824
2558	1970
6205	5569
2565	6780
3775	5881
3770	6857
3764	5307
2582	3597
2609	3158
2584	7579
6213	4721
7012	6134
7011	6409
2597	1131
2601	4869
7008	4489
6218	3072
3754	4406
6220	5853
7003	8554
6224	8377
2881	4585
2887	3403
2451	3506
6618	6641
6447	5043
6613	2643
3140	5531
3141	7006
3418	6981
3143	8674
3417	4951
6452	8549
3156	3785
3414	6729
6454	1319
3161	3906
3165	3854
3397	2901
3167	6839
6596	6136
6594	6515
6593	1818
3169	7243
3395	4951
3170	6780
3393	1123
3172	5106
3176	1319
6586	2798
3389	6367
3182	4608
6444	3506
3433	3791
2890	5021
3439	4760
6420	8682
6655	146
3094	6429
3468	6377
6424	6539
3463	1810
6648	7614
3454	2275
6430	6580
3453	1865
3104	6857
3108	8536
6640	2815
3113	2973
6636	8023
6435	1123
3446	2815
3115	3313
6438	5690
3445	611
3125	8484
3128	5673
6627	3611
6625	656
6624	5177
3130	6268
3131	7104
3183	420
6581	8189
3189	5386
6467	8275
3363	291
6542	2730
3254	4865
6484	2495
3264	7142
3267	6134
6536	5881
6535	5975
3358	1148
6487	3482
3277	2593
3282	1400
6530	98
6488	5243
3289	2185
6490	2333
3296	2445
6524	3862
3354	1763
3351	611
6493	3219
3347	6943
6518	7837
3344	6702
3342	2203
6513	1662
3324	4023
3250	5065
6545	3506
3249	3862
6565	4935
6578	165
6468	8143
6576	8573
3387	2575
3380	6093
3195	8623
6572	4233
6471	3067
3204	981
3206	4028
3375	4119
3208	8128
6476	874
3365	4621
6477	5195
3367	6981
3211	1090
6558	691
3221	2287
3223	1673
3224	6134
3225	3994
3227	1354
3234	6377
3238	6641
3241	4500
6657	7755
3477	6534
3088	3412
6371	488
3578	194
2938	5923
6351	4397
6352	3452
3577	6951
6354	1897
6767	4009
6766	5313
2943	6525
3572	790
2945	3482
2949	4655
2950	4537
6358	2259
2955	797
3566	2813
6753	3407
2960	981
3563	2780
2962	1131
2963	7871
2964	1415
6365	3219
3562	2456
3561	6610
6742	3072
6739	3067
3580	3691
3587	8633
6776	7605
6797	7312
6811	3906
6810	6703
2893	1662
3618	3219
2894	3072
3616	3645
6805	1249
3608	2636
2899	7388
6800	8093
3607	300
2903	2275
2904	7243
3598	291
2905	5934
2906	3072
6793	8512
2910	6184
6790	3067
2912	5369
6788	5692
2919	3694
6784	981
2926	5177
2933	5618
2934	1631
2972	4585
3555	4949
6661	3781
3550	7029
3039	6406
3508	7545
3044	3376
3045	5799
6692	2873
6691	4655
3501	6093
3052	2973
6685	3734
3495	6489
3493	7686
6682	2371
3057	6539
3061	7225
6408	6610
6678	3933
6677	8236
3492	1999
3066	3219
6673	8359
6411	3597
6671	7367
6414	1249
3078	3310
6665	1955
3481	7977
3082	750
3510	3313
3032	3031
6699	8019
3521	40
2979	6377
6731	1294
3549	3031
6376	2654
3544	1119
6727	7006
6378	6397
3540	7789
6724	3158
3533	3694
3004	1923
6385	3597
3520	3869
3030	36
3010	3498
6715	225
3519	5972
3013	1717
3516	4865
3515	2275
6709	1934
3514	5923
6394	7580
3020	2619
6395	7824
6396	103
2455	4274
3836	3576
1443	2272
1725	6043
1732	6750
7532	7006
5920	3240
1742	5378
5921	5975
7528	4554
4189	8633
4179	6929
4176	1444
1752	3200
4175	6377
7522	8302
7521	5799
1755	3733
5929	1878
1759	7189
4173	6134
1760	1355
1761	5706
1766	7596
1767	8266
1768	2315
1769	6534
7509	5307
1771	6981
1774	6716
1775	1673
5916	1844
4195	5021
5969	3072
5914	420
1678	1195
4217	4476
7568	1444
7567	177
5895	6534
1682	2429
1683	1118
1684	797
7562	2978
4215	1844
1687	36
5897	5881
7558	3855
5899	1566
1696	6063
4212	375
5902	5177
7551	1078
1699	7203
1700	1955
4205	2307
7546	7367
1704	7305
4202	6428
4201	3906
4200	1662
4196	4151
1778	8266
4159	3994
1787	6814
1788	7756
1857	2548
7458	5232
1858	6397
1863	3219
1864	2593
1866	1844
1867	7001
1874	8419
1877	7043
5962	7045
1882	4744
1884	4148
7444	3379
1891	7305
7442	1916
1892	2275
1895	146
4118	6813
1901	3412
1905	6327
1906	7311
5967	5907
7432	1242
7431	8443
1910	2487
1912	3986
1913	7305
5959	6622
7461	1631
1850	6857
1821	8494
7497	3043
1792	6235
1794	7484
7492	1875
1797	2564
5941	5052
4149	7966
1805	3075
4147	374
1811	7006
1816	5853
1819	1934
4144	222
4136	1047
5946	899
1832	3240
4140	3545
7477	3203
7476	6729
4139	7029
1841	3812
4138	6429
5951	98
7470	7045
7469	3067
7468	1717
4219	3353
5891	3219
7574	3200
1569	1803
4320	6580
1505	797
1509	2287
1510	1425
5818	6676
7680	3075
7679	3734
1513	1894
4311	4148
7676	4151
1518	4997
1521	3240
4304	4268
5827	1442
5828	3150
1546	899
1550	4274
7661	5872
4296	5681
1557	2944
1559	7686
4293	6134
5835	7932
5838	335
7653	845
7651	8471
5840	4498
4322	2507
1495	4119
7690	3933
5800	3907
1446	769
7726	1624
4361	98
1447	6134
1449	4869
7720	1360
7719	207
7716	981
1455	8512
7713	5724
1457	3407
1459	750
4347	4269
7691	7706
4346	4608
4345	1717
1480	6157
7703	265
4335	1999
1481	5070
7699	7625
1489	5232
1490	6841
4329	3906
4326	8023
4324	8266
4290	6857
1573	7043
5890	6878
7646	7706
5865	8143
1623	2315
7606	2838
5870	6610
1632	6676
4250	3765
5876	3862
7598	790
1637	2838
1638	6841
1640	3017
5877	2432
7593	6134
4237	780
1646	6377
1651	3072
7588	2581
7587	6427
1652	4153
4231	4895
5883	8484
4221	1803
4220	942
1667	5907
5888	6857
5889	8023
1672	981
3338	4274
7611	7367
7612	1129
5851	7484
7644	5052
7643	6134
1575	886
7640	3448
7639	3043
4285	3498
1582	2873
4283	6857
5848	5232
1588	2483
7633	8285
4281	7502
4279	299
5863	3407
7627	6432
4273	5706
4271	8126
7622	7383
7621	2880
5859	8236
4270	3734
1608	798
5861	6750
7616	6702
7615	5881
4264	6432
1915	1471
1921	6622
6168	3403
2229	1103
2237	5681
7222	321
3955	390
6094	3072
2245	3734
2247	7101
7216	611
6095	7305
3950	2944
3943	3173
2255	843
7207	4397
2256	3185
2260	3067
3930	7824
2263	1970
2264	1897
2270	846
3926	4333
7198	3067
2278	297
7195	4151
3920	265
6112	7585
2298	6217
2299	3855
2302	7848
2232	3403
3960	8674
5970	40
7229	7383
2154	4443
4010	1970
4008	1249
4004	677
2160	3800
6064	3219
7260	1131
2166	3645
7258	6979
6066	8674
2171	1803
2172	4761
4000	3310
7252	614
2177	899
6074	2102
3984	321
2190	4148
7242	3219
2204	611
2208	5591
3979	7165
3977	3864
3970	3576
2222	6857
6086	7932
3962	5131
2304	666
6114	2231
2309	1662
6116	1323
7144	6232
3884	5813
6144	2487
2398	7236
6148	5885
7135	7335
3876	981
2407	3150
3871	6839
3870	3576
2419	5369
7126	6184
3860	3072
6158	846
6159	3800
2426	397
2427	4017
2430	971
7117	4865
3848	611
2434	6134
3844	146
3841	981
2439	6813
7110	335
7109	2344
2440	1662
3885	6951
7147	3854
2390	5232
6126	2989
2313	6909
7180	7029
2318	152
3912	5934
6119	5681
3905	2983
3904	6229
2326	40
2327	1897
6124	8393
2331	675
2337	2507
6127	7970
7149	59
6128	2003
3895	2548
3893	5638
2356	4655
7158	6043
2370	7871
2376	6703
6137	5770
2380	4310
6139	1389
7151	3240
7150	6232
2151	7710
6060	3258
7270	3332
7347	2973
4083	3494
5991	4739
7381	5853
1986	4858
5993	3240
7377	3067
7376	5706
1989	6760
4075	5770
1996	5692
4070	6745
7369	5043
1998	1970
2006	3219
6001	4811
2015	868
2018	3077
2022	6134
2026	4001
7359	7557
2027	2593
6002	3200
2033	3537
6004	7043
2035	374
4066	3072
7349	8144
1981	2311
4084	7738
1976	1601
1954	51
4112	7706
4106	4017
4105	8143
5974	7106
4104	4865
1937	8655
7414	3734
1940	7912
1941	8554
1944	3556
1947	2344
5981	1659
1957	1503
1974	2983
7401	222
7399	2101
1960	1444
1961	5758
7396	938
4092	6489
1965	4655
1966	2487
1968	5511
7391	6745
1969	7002
4088	4500
4065	3963
7346	3489
7271	8655
4064	675
6035	1865
7304	1375
4038	3240
7300	8473
7298	6539
6042	3551
2113	4397
4034	8678
2116	2575
6046	4874
2121	4183
2122	618
2125	8593
2126	3933
7285	2834
7283	7078
2136	2456
4019	2619
6055	2815
4016	842
2141	6979
4014	2028
2143	5378
7275	3403
2144	3200
6059	2487
2148	3084
6034	2548
2099	7966
2092	5165
7324	6981
7343	2564
2048	1920
6011	3946
4059	3313
4058	7484
4052	5758
7332	675
2066	6048
7330	3144
7329	1078
6021	1263
6023	4489
2075	1865
6033	882
4050	2838
7321	4554
2078	8290
2082	1931
6029	2797
2084	8285
2085	2268
2087	6134
7313	8533
2088	4155
2090	845
6032	8655
4262	3933
