4354
133
2462
4369
3475
2855
6367
7825
2351
6078
3746
7876
6671
9007
8793
3563
1973
4769
10209
4476
8546
7046
3890
1248
8065
10047
1875
605
2368
2623
4935
2265
6132
4277
6505
2907
806
9596
5476
7747
5534
5814
6856
9719
941
7198
2510
9466
3700
5503
6829
8690
6499
5435
2315
4285
4221
6494
10126
8004
4292
6231
7232
10091
8853
5335
8403
8329
3945
4869
6673
3584
2507
9164
4661
4189
8855
10212
7257
5139
10028
3715
3332
6363
1328
9721
9105
1540
1037
2165
111
3450
5283
4309
10112
332
7486
9254
3112
3030
2158
3769
6495
8487
4860
6262
134
9882
5600
8669
4045
5341
4282
4613
1427
8107
6144
6280
5077
6410
9585
5083
5477
173
2951
4289
4517
153
3342
5483
3794
7406
903
7231
7564
4848
4813
7793
1481
5402
729
2111
5842
5167
1046
6934
4093
633
1857
6895
5833
3170
5105
8980
6816
2350
5241
9043
5783
5317
7782
4300
6808
1546
5546
2526
7277
2934
252
6161
8221
3409
2039
2097
623
554
3015
6337
6716
129
9031
1756
1039
1012
1744
6932
7465
533
8637
1340
7548
5104
6555
10181
8549
8302
2275
6066
2490
2087
8543
6153
5738
560
4653
5242
6663
1803
9897
4838
3025
345
9257
5674
9425
2114
9879
9167
7253
9108
5329
6868
1697
6843
100
750
1065
6912
1984
6825
5664
6638
5877
1877
9562
994
2029
4682
8127
5148
8433
6566
6834
1800
283
8122
8198
8084
2977
7829
2409
8041
8611
2739
3732
7413
670
7657
9577
9971
4657
2993
8157
287
2167
9973
3003
3002
5703
5133
9806
2652
691
902
7135
6382
7710
8123
9307
2329
7296
5332
2742
5907
2319
634
8232
328
7397
3722
8281
9887
7466
3301
9898
6617
5279
6047
5253
1394
4349
963
8554
373
3886
2796
1245
5650
2836
2519
4347
9005
4024
9666
9836
1292
4020
7552
1858
3472
2254
2054
7025
1664
6015
74
4953
7071
7676
9904
2629
2755
2566
9235
3007
731
8018
7971
8252
7586
3924
1098
9288
8181
755
6678
5994
3790
7479
2215
9298
525
5492
8222
2892
543
3614
1703
1935
4259
9421
4512
7808
8865
3282
9397
4957
9213
2720
2297
4153
5257
5024
2909
7735
1949
1047
509
2045
9483
1796
666
1001
1064
9133
9538
7923
8603
2883
7820
8072
7599
7234
9010
9009
5393
1153
1404
3468
7437
5728
919
2921
5263
3709
3939
8012
1171
3607
3768
7115
660
493
9911
8153
4481
8762
7655
5415
7519
5005
2371
8905
2962
7005
2017
9468
6689
6783
7428
7385
5807
624
7528
1147
264
8998
1399
7822
3772
3835
223
2154
29
6479
47
7696
7063
8288
1259
8193
868
3140
10200
273
5434
780
4516
5777
6562
2544
2049
2693
3355
2851
6517
3622
4387
4322
7103
6163
307
1916
4168
1480
7834
5823
2156
1033
2559
4439
7237
1063
9168
3875
6189
5563
9261
9511
3587
849
240
5917
7769
6940
8598
90
4547
1040
2320
8338
2530
3539
7401
1136
9622
8810
7255
1786
10145
8764
2808
3393
944
4455
7648
8837
9532
5225
7065
5398
191
2602
7145
5377
1143
2019
6846
9369
4966
2801
9781
4960
3764
4265
3208
1818
7562
6911
3743
979
5361
5793
2214
3802
7295
4089
8448
10037
6394
4660
422
1656
8147
3295
3284
988
3216
6579
6608
7847
9445
6642
1533
185
7671
1148
1373
2445
8933
6353
4235
2496
9800
8625
8633
9023
4631
8477
5840
2229
1387
3982
6277
6044
8975
8987
9058
9310
6268
3313
5523
603
886
2270
6137
702
2153
8710
1486
7370
5217
4172
7903
109
3371
8297
7683
2565
5571
4376
3618
316
8922
3559
10155
2436
3098
890
8202
7997
5499
1691
1317
4067
6070
953
7961
3966
4061
7952
7945
9752
8950
5013
9949
3317
3713
2466
4377
9340
5686
4948
8103
3253
2707
8132
786
8749
8817
8450
9988
9981
2253
2387
2891
2636
3519
968
2394
8582
2671
7577
9843
11
6183
641
4482
5318
5757
1447
719
5746
2425
2573
10062
7478
5620
6288
1417
1448
6313
2456
966
7303
10167
9951
10143
9575
172
9218
4905
3067
4930
2001
3634
8039
9854
3125
4238
8740
5046
1614
3552
3491
9474
3623
9283
8982
4316
9124
1741
528
4147
2727
503
2272
360
3136
2198
9144
6319
4807
3211
4105
7595
4755
8195
1806
123
1795
945
2714
8544
9183
9247
6962
9727
6439
2589
9275
4001
1258
9576
7210
918
8027
2625
2406
8057
6025
4908
7391
7853
1263
6308
845
3944
7778
7283
2228
2775
3758
132
896
143
6435
4314
3755
2497
5723
7127
6028
6230
2744
9026
5152
9753
3609
813
3557
6289
2762
8705
4330
2858
8672
5219
3329
6920
4840
4830
9374
7794
7804
4906
9349
7811
571
4641
5053
5058
578
2166
1538
4572
8300
9529
5367
5954
9556
1282
4904
2137
6609
4060
4032
5884
681
8732
2974
9443
427
6755
2967
1945
698
3696
9918
3026
9471
444
7371
873
2459
9712
6982
9423
314
5786
9338
4276
2427
6509
6594
7689
22
3265
3233
8570
504
7060
8609
9219
1446
8348
4444
171
6323
6839
6437
3412
3415
7238
3280
6174
10180
10063
6696
1051
1044
9417
2487
3688
2960
2109
1088
2867
2186
6546
3224
9212
246
6267
6909
3050
1955
6790
892
4833
7262
4076
8146
4035
9963
4771
7569
5902
2709
2774
4758
4084
7767
454
8199
1651
4133
4694
4228
2239
1366
4305
2969
1853
3984
7333
7928
1489
10059
8873
9742
9938
5097
9946
8045
4441
2679
7947
4637
4626
2922
2085
4552
112
8213
2123
8414
8421
5245
9866
3781
664
1652
3039
5061
649
8165
6854
9375
5313
5060
7729
9351
6840
1476
7723
2128
3232
1629
4307
4311
3994
4252
6123
6049
5796
6334
3586
1164
1319
5818
2512
4063
6306
361
4011
3989
8841
2375
6244
6130
8642
9809
2200
1140
2309
3904
8915
3806
6140
4304
8974
6177
2385
6200
2267
5363
3979
2171
3754
2340
1241
2976
5150
2642
1206
1465
6136
2389
5376
5724
1621
2501
2902
4358
5580
6460
5737
6462
4428
2429
1410
5496
5497
1409
5500
8395
536
8393
5502
1408
6336
6335
537
5515
8416
1420
8418
8436
1435
7917
5417
8446
517
1433
7918
518
687
5428
8439
519
1156
7921
8419
5439
521
5443
8430
1424
685
8427
6347
8425
6344
5454
6342
8420
5517
5520
5410
6332
5602
6304
8345
5604
7950
5608
1174
676
8339
5614
1371
5622
8335
548
6299
5633
8331
5634
6298
5638
5639
5648
7955
5651
551
8322
7956
1363
5669
5601
5596
6310
8367
5522
6330
8379
5529
1401
6325
5535
5539
8373
5542
1395
5549
1166
8366
6312
7939
7940
1391
6321
5568
6317
7944
8357
1388
5583
6314
8353
1169
6358
5406
6291
8522
1134
481
8553
1135
6408
694
482
8547
7890
1138
5267
6400
8542
5275
488
6387
5282
6385
5293
490
8532
5297
5300
692
1471
6383
8526
5305
8524
5247
5246
6411
1501
5169
1509
6440
5177
5181
5184
5187
5188
7871
6438
475
1130
8580
5204
1491
1500
6434
8574
1499
5218
1498
478
8568
6427
7878
6425
5233
6418
8523
5306
514
1469
1451
5364
1450
8483
8482
5370
8480
5372
7908
508
8474
5378
8472
1151
5388
8469
8468
8467
6362
8465
5397
1439
8460
8459
6359
5401
7915
8455
8454
7906
1453
6370
8505
492
5310
1467
5315
7899
1461
498
8512
5327
6380
8508
1458
499
8504
5355
5334
1456
5336
6377
8499
5343
5344
6374
501
5349
6372
5353
8491
8318
8315
1125
6192
5959
5960
5964
5965
8009
6198
8131
8130
5988
8128
610
5990
5995
8124
8011
614
8121
6003
6006
6008
6013
8116
616
8114
1256
8112
8013
6019
6020
6209
5956
1270
6215
658
5895
8171
6216
5901
5903
5904
7999
5911
5913
5916
598
5920
8159
656
1283
6212
8156
8155
1278
1276
8152
657
5946
8148
602
604
1271
618
1255
5882
620
1235
6088
8067
8066
1211
8064
6165
6164
8061
8060
1212
8058
6162
8056
6157
6110
6118
6156
6122
1230
8048
6133
6154
642
1227
1224
6151
6138
1222
6086
8071
6084
627
6188
6029
8016
6032
8099
8017
6035
6038
6187
6046
1249
6048
8019
1204
8073
6181
6180
8085
629
6176
631
6068
6076
6169
1236
8076
6081
6082
1291
6217
8314
6246
8280
6266
6264
5735
8275
568
1336
8271
5742
6256
5749
6255
8266
8265
5753
5755
6250
569
669
6248
5768
7976
7977
668
5775
5776
1326
1325
5779
6271
1346
565
5690
5677
8312
5679
8310
5681
552
8307
5684
8305
1358
5687
555
6286
6285
5719
1354
5696
6282
5700
5701
5704
6279
5708
5709
563
564
5711
5717
8247
8245
8177
8244
5831
585
5834
1301
8204
5839
1299
1194
5846
588
1298
5848
8196
590
8194
1195
6225
5851
5853
5855
5861
5862
5865
5866
661
6223
5872
5873
6221
1193
8210
1192
5801
5782
5784
1322
5788
8239
8238
574
1189
5791
8234
7981
575
1190
1316
5826
8228
5803
8226
5805
5809
8223
5813
5815
8217
1310
1309
1308
1306
6444
5165
7670
4501
4419
1045
4431
4435
4437
1726
8988
370
371
4443
1723
4445
4448
8981
4453
1721
4457
4459
4462
378
4465
4466
1719
1709
749
8966
4485
4491
7737
753
4417
4414
4390
4364
4365
1034
4371
4374
1740
9024
362
4380
4383
4386
363
754
9016
8999
4394
9014
4395
7724
1736
364
365
366
6711
9004
4407
4413
9000
748
1054
1746
4507
4567
8920
6669
8918
4573
7757
1061
1685
6664
1681
6654
4593
8907
4595
6648
4604
396
4608
8899
1679
6644
1072
8895
4623
4624
4625
1675
8890
8889
7755
8923
6672
743
7742
381
6686
6681
1701
746
4519
8947
8946
4520
4522
745
7748
383
4553
6679
4528
1056
1695
8935
4536
4537
385
4540
6676
4545
387
4548
4363
4353
1670
4214
4164
1819
1025
1817
6780
7682
4176
765
323
4178
1813
9128
4185
764
4191
6779
7686
1811
9120
7687
6777
4201
1807
6774
9114
6770
4209
4211
7691
4163
6785
9142
7673
768
9172
6798
4120
305
306
308
4122
310
4124
4126
4127
4128
9159
4160
1022
4137
9155
9154
6788
4140
9151
4144
318
4145
4148
4149
7677
4213
9107
4352
4215
9068
6745
758
7711
1764
6744
1761
344
4317
7713
4320
6743
9055
757
1758
352
353
4332
4335
9046
9045
4336
4337
9042
4339
7718
6733
4350
9037
1775
6750
4280
1028
335
9103
1801
9100
4226
9097
1794
4229
6765
1792
760
1026
4240
1029
1779
1789
9085
7701
4255
9082
7702
9080
9079
6756
6753
9076
4275
1031
6637
4639
5162
1563
4989
8699
4994
5001
5004
6516
5012
1106
1574
5019
8688
5021
1107
1111
6497
8682
7841
5035
8679
5036
1568
5038
8675
6496
7843
447
1565
8670
1564
710
7831
6529
716
1606
8735
1604
8733
4907
8731
4912
440
8728
441
6539
6537
6535
4936
4978
4942
4943
4945
712
1592
4958
4959
4962
4965
8708
8707
1585
1583
6493
6492
718
450
6467
5119
7858
464
5122
8623
5125
8621
5126
5127
8618
5130
6464
5132
1122
5137
6457
704
8610
1520
1519
8606
8605
6454
5156
5157
701
5160
8599
5117
5114
5111
6482
1562
6491
451
1561
8660
1116
5065
1117
1558
6485
1557
5080
5081
5089
1532
5090
1548
5098
8643
6475
5101
459
1539
6472
5107
8635
8634
462
8737
1607
8885
7800
4707
4708
1653
1077
4718
4725
7784
8840
7786
4734
8836
8835
7787
8833
8831
4740
8828
1081
4750
1644
6599
6592
1641
6588
6587
6585
4773
7799
8813
4706
6620
7781
4663
399
4642
6634
6629
4650
7773
4652
8875
4654
4655
402
1665
1074
4664
4697
7776
404
4670
8862
4675
4680
8859
8858
1661
405
4685
6622
6621
415
6582
4894
8807
4836
4837
8771
1622
1090
6560
1619
1617
4849
4851
6556
8760
434
7815
1610
4871
7816
8753
4878
4879
4883
4885
8748
8747
8746
1095
8744
6544
4889
425
4835
4829
7369
4786
4789
8804
8803
6574
8801
8800
8799
8798
4794
4795
8794
4797
4802
1089
4803
4804
1630
1626
8786
4815
6569
6565
423
8781
4823
8779
4824
4800
