4354	8603
133	6829
2462	1037
4369	6028
3475	2462
2855	2565
6367	1540
7825	2636
2351	2855
6078	6353
3746	9397
7876	8554
6671	8543
9007	5363
8793	5361
3563	6189
1973	4289
4769	5152
10209	7548
4476	5077
8546	2510
7046	8793
3890	7025
1248	1973
8065	4285
10047	8732
1875	5807
605	7479
2368	2297
2623	2425
4935	2855
2265	1744
6132	7655
4277	3472
6505	2755
2907	5777
806	3125
9596	3772
5476	9981
7747	7528
5534	2507
5814	533
6856	8546
9719	4354
941	5024
7198	8018
2510	4769
9466	560
3700	1875
5503	7103
6829	9511
8690	2775
6499	6932
5435	8300
2315	3584
4285	7648
4221	9887
6494	3025
10126	7103
8004	2496
4292	918
6231	5954
7232	5332
10091	1480
8853	5053
5335	10143
8403	868
8329	7825
3945	5499
4869	8403
6673	6934
3584	314
2507	605
9164	1051
4661	173
4189	6673
8855	1046
10212	6856
7257	7428
5139	5703
10028	886
3715	1818
3332	4289
6363	1046
1328	3623
9721	3966
9105	10028
1540	9351
1037	2214
2165	7599
111	2858
3450	849
5283	10047
4309	1292
10112	2406
332	6505
7486	7277
9254	7599
3112	3700
3030	4517
2158	4285
3769	5783
6495	314
8487	7782
4860	780
6262	5814
134	6854
9882	112
5600	5435
8669	6673
4045	1241
5341	6367
4282	3475
4613	7853
1427	1703
8107	1047
6144	9666
6280	3003
5077	1317
6410	1046
9585	1319
5083	670
5477	7198
173	1248
2951	8122
4289	2459
4517	7232
153	3700
3342	2087
5483	5777
3794	4354
7406	3412
903	691
7231	314
7564	1064
4848	4657
4813	6319
7793	3025
1481	9183
5402	2445
729	8103
2111	3295
5842	4354
5167	9235
1046	780
6934	6868
4093	9288
633	5954
1857	143
6895	4552
5833	3475
3170	10028
5105	2967
8980	6555
6816	4035
2350	3890
5241	3224
9043	8982
5783	4387
5317	9575
7782	10126
4300	5152
6808	2387
1546	133
5546	9866
2526	2097
7277	9898
2934	134
252	4694
6161	9007
8221	10028
3409	2462
2039	1540
2097	7735
623	4347
554	2714
3015	3982
6337	4476
6716	4512
129	5434
9031	8810
1756	3039
1039	1012
1012	8127
1744	9973
6932	5738
7465	2097
533	8198
8637	1245
1340	5435
7548	6015
5104	6078
6555	6277
10181	1984
8549	5083
8302	9577
2275	2425
6066	7145
2490	806
2087	3409
8543	1063
6153	4259
5738	7385
560	4848
4653	7257
5242	1248
6663	1955
1803	3696
9897	2406
4838	4347
3025	5902
345	3715
9257	2909
5674	2445
9425	2229
2114	4613
9879	4813
9167	3475
7253	560
9108	8221
5329	4935
6868	4309
1697	4935
6843	2375
100	8690
750	2114
1065	2029
6912	7876
1984	9133
6825	2459
5664	9351
6638	3886
5877	2962
1877	2406
9562	3982
994	7564
2029	3634
4682	5104
8127	3015
5148	11
8433	6562
6566	1800
6834	1984
1800	6854
283	4935
8122	2462
8198	5061
8084	1857
2977	2351
7829	7648
2409	4153
8041	2922
8611	2049
2739	2153
3732	133
7413	9043
670	2111
7657	8933
9577	332
9971	1818
4657	1973
2993	6912
8157	5476
287	578
2167	3875
9973	3329
3003	3026
3002	4838
5703	4147
5133	9596
9806	2855
2652	2530
691	5477
902	623
7135	691
6382	9374
7710	7413
8123	528
9307	8549
2329	4238
7296	8300
5332	3015
2742	8740
5907	9218
2319	4322
634	10212
8232	7413
328	4045
7397	4024
3722	4387
8281	2652
9887	890
7466	8544
3301	968
9898	8127
6617	3709
5279	2158
6047	2507
5253	533
1394	8065
4349	4089
963	8004
8554	5242
373	6049
3886	109
2796	2270
1245	806
5650	4309
2836	5674
2519	7231
4347	133
9005	4133
4024	10091
9666	5814
9836	4172
1292	9836
4020	3623
7552	1803
1858	3491
3472	6200
2254	8487
2054	8403
7025	8690
1664	6367
6015	5279
74	528
4953	1697
7071	7825
7676	6049
9904	2409
2629	941
2755	8732
2566	1480
9235	7808
3007	1489
731	2436
8018	10047
7971	153
8252	8072
7586	11
3924	8004
1098	10209
9288	7198
8181	8855
755	7063
6678	2368
5994	9575
3790	8793
7479	4476
2215	4512
9298	8329
525	133
5492	5435
8222	8710
2892	3098
543	5534
3614	2462
1703	3301
1935	6834
4259	8554
9421	8039
4512	3966
7808	9105
8865	4354
3282	8598
9397	6313
4957	133
9213	8281
2720	3030
2297	2977
4153	4238
5257	2714
5024	100
2909	6288
7735	9556
1949	2855
1047	9423
509	2519
2045	6555
9483	4641
1796	2406
666	509
1001	2158
1064	6934
9133	9213
9538	7710
7923	7847
8603	2114
2883	6678
7820	1404
8072	9882
7599	5263
7234	4369
9010	3584
9009	5318
5393	6144
1153	4285
1404	3563
3468	6367
7437	133
5728	7232
919	3393
2921	6078
5263	6140
3709	9897
3939	8546
8012	6663
1171	4905
3607	8853
3768	4769
7115	1806
660	3802
493	560
9911	9105
8153	4045
4481	4769
8762	2049
7655	4282
5415	8193
7519	4613
5005	9781
2371	2642
8905	7876
2962	2462
7005	2409
2017	2891
9468	5477
6689	6783
6783	6410
7428	4960
7385	2351
5807	4547
624	10112
7528	5263
1147	5402
264	4838
8998	7046
1399	729
7822	3584
3772	6306
3835	7465
223	1417
2154	3924
29	2320
6479	5793
47	360
7696	3208
7063	2652
8288	2215
1259	3125
8193	133
868	10209
3140	944
10200	5738
273	6337
5434	7528
780	5024
4516	2801
5777	2165
6562	1652
2544	2154
2049	7825
2693	1292
3355	7025
2851	3945
6517	4289
3622	1651
4387	2272
4322	4369
7103	6808
6163	9010
307	9417
1916	7747
4168	3790
1480	9721
7834	2111
5823	7046
2156	172
1033	9800
2559	1245
4439	7876
7237	2507
1063	8004
9168	2409
3875	10181
6189	4354
5563	8199
9261	2808
9511	5884
3587	2993
849	10091
240	9007
5917	4948
7769	1447
6940	1973
8598	968
90	2445
4547	605
1040	9843
2320	5723
8338	4771
2530	1248
3539	9973
7401	8107
1136	1703
9622	8855
8810	6617
7255	4093
1786	5664
10145	4093
8764	605
2808	2507
3393	4354
944	2137
4455	7945
7648	1916
8837	1651
9532	2892
5225	3772
7065	4769
5398	6367
191	10126
2602	3622
7145	4354
5377	4067
1143	4093
2019	7466
6846	4657
9369	2921
4966	6638
2801	6334
9781	7834
4960	5777
3764	7729
4265	5534
3208	9897
1818	3125
7562	9951
6911	8403
3743	8933
979	10047
5361	9809
5793	1417
2214	9212
3802	5503
7295	8793
4089	6566
8448	9124
10037	4813
6394	9781
4660	7829
422	7397
1656	1394
8147	2171
3295	2977
3284	10209
988	2265
3216	2111
6579	4369
6608	605
7847	5842
9445	8982
6642	6816
1533	3313
185	5257
7671	9375
1148	6047
1373	7903
2445	6505
8933	731
6353	3039
4235	7599
2496	1047
9800	10028
8625	9254
8633	2254
9023	7232
4631	8637
8477	7655
5840	3890
2229	6382
1387	9010
3982	328
6277	4168
6044	4304
8975	4252
8987	5398
9058	2371
9310	8793
6268	8544
3313	4282
5523	6280
603	8147
886	8433
2270	7005
6137	1486
702	5402
2153	2714
8710	2158
1486	2389
7370	6132
5217	3586
4172	2275
7903	1853
109	8195
3371	316
8297	5077
7683	7428
2565	109
5571	6262
4376	6462
3618	1241
316	8329
8922	8543
3559	8982
10155	6163
2436	2409
3098	1037
890	968
8202	5546
7997	1795
5499	7769
1691	9585
1317	7676
4067	5104
6070	2254
953	4860
7961	6911
3966	9010
4061	4105
7952	3768
7945	3342
9752	5674
8950	6912
5013	7971
9949	2156
3317	6439
3713	2350
2466	1973
4377	6856
9340	3355
5686	7145
4948	4905
8103	9719
3253	6839
2707	4354
8132	4354
786	2409
8749	5257
8817	7198
8450	1417
9988	8199
9981	9058
2253	133
2387	6829
2891	3409
2636	2315
3519	4221
968	9596
2394	6280
8582	6494
2671	8980
7577	9058
9843	4572
11	5377
6183	9443
641	8855
4482	4694
5318	2977
5757	896
1447	1786
719	1546
5746	9425
2425	1756
2573	3945
10062	4277
7478	902
5620	2445
6288	8762
1417	4369
1448	5650
6313	2892
2456	8554
966	9538
7303	7947
10167	5104
9951	892
10143	4147
9575	504
172	4309
9218	5814
4905	6816
3067	2429
4930	3768
2001	4172
3634	2265
8039	504
9854	3355
3125	5318
4238	3634
8740	10028
5046	4441
1614	6846
3552	6132
3491	9879
9474	111
3623	1417
9283	5994
8982	5335
4316	4277
9124	10209
1741	8598
528	7437
4147	3301
2727	8107
503	5329
2272	9596
360	6308
3136	10047
2198	153
9144	133
6319	129
4807	9466
3211	2755
4105	7370
7595	7486
4755	5807
8195	1741
1806	3904
123	4641
1795	8221
945	2351
2714	6673
8544	2720
9183	9596
9247	5917
6962	4354
9727	5674
6439	8448
2589	2254
9275	9288
4001	5884
1258	7262
9576	5283
7210	5005
918	1984
8027	7025
2625	5814
2406	9007
8057	8732
6025	2496
4908	252
7391	6183
7853	5241
1263	9254
6308	2796
845	4221
3944	8690
7778	9951
7283	1136
2228	9719
2775	7231
3758	9897
132	1340
896	3140
143	273
6435	4848
4314	3232
3755	6132
2497	8853
5723	4476
7127	1448
6028	1858
6230	2855
2744	9105
9026	9212
5152	624
9753	7060
3609	2017
813	6280
3557	9949
6289	8611
2762	1744
8705	5167
4330	3067
2858	4769
8672	1984
5219	6608
3329	845
6920	6231
4840	8288
4830	7569
9374	8302
7794	9882
7804	5814
4906	944
9349	6367
7811	4769
571	5046
4641	6144
5053	10145
5058	6911
578	6834
2166	9254
1538	9374
4572	133
8300	4906
9529	1046
5367	172
5954	8837
9556	5241
1282	5046
4904	988
2137	9538
6609	9882
4060	6382
4032	4282
5884	605
681	8302
8732	2351
2974	6319
9443	4354
427	7486
6755	2739
2967	1540
1945	7253
698	2167
3696	7478
9918	2739
3026	5902
9471	4613
444	4948
7371	1292
873	6509
2459	4093
9712	5523
6982	10037
9423	2351
314	4309
5786	2510
9338	2368
4276	941
2427	7767
6509	5242
6594	4387
7689	9212
22	9719
3265	8181
3233	307
8570	7428
504	2351
7060	5332
8609	2158
9219	373
1446	670
8348	8477
4444	4682
171	6494
6323	2526
6839	2275
6437	8132
3412	1248
3415	3067
7238	4228
3280	2496
6174	7710
10180	8288
10063	3450
6696	153
1051	1796
1044	8554
9417	3618
2487	2215
3688	8004
2960	133
2109	729
1088	7945
2867	1481
2186	2907
6546	1803
3224	4908
9212	6912
246	2727
6267	3332
6909	2087
3050	134
1955	4771
6790	9257
892	7825
4833	2742
7262	6132
4076	1366
8146	5814
4035	9275
9963	2329
4771	4189
7569	1427
5902	2054
2709	9254
2774	1039
4758	8027
4084	4105
7767	1317
454	525
8199	4957
1651	3026
4133	2166
4694	6579
4228	4061
2239	4252
1366	427
4305	5341
2969	3634
1853	4376
3984	6044
7333	2087
7928	9417
1489	171
10059	6594
8873	129
9742	4444
9938	5534
5097	3491
9946	4172
8045	2462
4441	2462
2679	6244
7947	4354
4637	3552
4626	3393
2922	4377
2085	7046
4552	2851
112	3475
8213	5415
2123	3030
8414	8549
8421	4960
5245	9257
9866	1047
3781	5877
664	4285
1652	2902
3039	3475
5061	5503
649	9213
8165	6932
6854	5283
9375	1427
5313	560
5060	4660
7729	9351
9351	7820
6840	1366
1476	8065
7723	9043
2128	9866
3232	264
1629	2165
4307	1858
4311	283
3994	2425
4252	9007
6123	5907
6049	6856
5796	9445
6334	4354
3586	4552
1164	2350
1319	3232
5818	2215
2512	2652
4063	7283
6306	729
361	2109
4011	10112
3989	2510
8841	2883
2375	3806
6244	9577
6130	2693
8642	4572
9809	5283
2200	6140
1140	8403
2309	6517
3904	1973
8915	2507
3806	902
6140	4935
4304	2808
8974	4354
6177	2111
2385	1427
6200	1489
2267	8982
5363	7198
3979	5833
2171	2387
3754	1046
2340	7135
1241	9007
2976	6856
5150	2775
2642	5737
1206	666
1465	4572
6136	7747
2389	5139
5376	283
5724	1540
1621	4089
2501	2507
2902	902
4358	5217
5580	47
6460	5329
5737	1651
6462	283
4428	3003
2429	6070
1410	7257
5496	4307
5497	5842
1409	944
5500	7825
8395	1153
536	8193
8393	6231
5502	5139
1408	4476
6336	8690
6335	111
537	5024
5515	7127
8416	8041
1420	8232
8418	5329
8436	7413
1435	7046
7917	10047
5417	4147
8446	3284
517	5329
1433	8195
7918	5476
518	6689
687	5139
5428	6161
8439	4238
519	7127
1156	4238
7921	5477
8419	1818
5439	8004
521	4476
5443	7903
8430	273
1424	4661
685	7747
8427	5600
6347	2883
8425	5737
6344	3519
5454	1800
6342	8974
8420	3945
5517	9007
5520	633
5410	1282
6332	10047
5602	8221
6304	185
8345	9898
5604	9005
7950	4953
5608	6846
1174	29
676	100
8339	903
5614	603
1371	7569
5622	22
8335	8181
548	1858
6299	9144
5633	3945
8331	7689
5634	4032
6298	2214
5638	4631
5639	9562
5648	9529
7955	7478
5651	9904
551	2087
8322	4682
7956	9007
1363	1803
5669	7466
5601	133
5596	1088
6310	1263
8367	1803
5522	10143
6330	2017
8379	4771
5529	1098
1401	1540
6325	4349
5535	2097
5539	4613
8373	2154
5542	2739
1395	7562
5549	7060
1166	2272
8366	4011
6312	2329
7939	3468
7940	1039
1391	7210
6321	2153
5568	2993
6317	10209
7944	5313
8357	2707
1388	10209
5583	2720
6314	6638
8353	1973
1169	8004
6358	9443
5406	3614
6291	2544
8522	2693
1134	9753
481	2629
8553	806
1135	543
6408	4517
694	9727
482	7599
8547	3475
7890	422
1138	4292
5267	813
6400	2114
8542	9721
5275	4369
488	2629
6387	5242
5282	8045
6385	7548
5293	7808
490	4032
8532	8103
5297	6367
5300	3412
692	4354
1471	6323
6383	3450
8526	6280
5305	4838
8524	2254
5247	283
5246	9666
6411	4476
1501	3371
5169	9466
1509	9005
6440	9310
5177	1147
5181	2320
5184	6673
5187	2228
5188	5097
7871	6642
6438	7465
475	5402
1130	7115
8580	3700
5204	8793
1491	6825
1500	1877
6434	5058
8574	4626
1499	2371
5218	1803
1498	4755
478	1012
8568	1480
6427	10059
7878	4277
6425	2487
5233	6288
6418	3743
8523	4035
5306	2510
514	806
1469	9577
1451	666
5364	5341
1450	1047
8483	7296
8482	1206
5370	6137
8480	2265
5372	6638
7908	1012
508	6367
8474	5477
5378	4813
8472	6144
1151	2275
5388	3563
8469	2114
8468	1164
8467	8004
6362	8853
8465	2623
5397	5546
1439	1064
8460	5167
8459	6594
6359	3989
5401	8987
7915	5534
8455	9005
8454	1340
7906	9918
1453	3722
6370	4682
8505	4282
492	5477
5310	9719
1467	2934
5315	5546
7899	9949
1461	7599
498	9417
8512	6932
5327	4953
6380	918
8508	4189
1458	6555
499	4285
8504	10047
5355	7769
5334	9007
1456	670
5336	7876
6377	7253
8499	4516
5343	4840
5344	6367
6374	1065
501	3769
5349	9183
6372	8222
5353	6671
8491	5152
8318	10200
8315	7577
1125	4354
6192	47
5959	3746
5960	8546
5964	9310
5965	422
8009	3764
6198	5139
8131	5503
8130	4354
5988	8004
8128	2589
610	2775
5990	4838
5995	5833
8124	5476
8011	9781
614	7747
8121	7253
6003	5061
6006	9468
6008	5402
6013	6829
8116	4063
616	1857
8114	2922
1256	2976
8112	5571
8013	1088
6019	2559
6020	641
6209	3112
5956	4481
1270	9882
6215	1973
658	2573
5895	9010
8171	9009
6216	4354
5901	345
5903	533
5904	988
7999	9108
5911	8637
5913	4277
5916	5434
598	5833
5920	1945
8159	4830
656	7210
1283	4093
6212	6912
8156	9721
8155	422
1278	427
1276	3890
8152	2315
657	133
5946	9843
8148	9511
602	9562
604	8477
1271	780
618	5738
1255	4935
5882	5335
620	4661
1235	1064
6088	8039
8067	47
8066	2951
1211	1046
8064	1394
6165	2883
6164	8477
8061	4517
8060	5217
1212	7804
8058	2623
6162	6566
8056	945
6157	9340
6110	4314
6118	4354
6156	3715
6122	4439
1230	4277
8048	6078
6133	7065
6154	1063
642	4439
1227	6367
1224	4476
6151	2158
6138	7406
1222	8414
6086	6579
8071	7198
6084	9167
627	9340
6188	1656
6029	702
8016	4682
6032	7928
8099	133
8017	4517
6035	4067
6038	7876
6187	6829
6046	1046
1249	2490
6048	1366
8019	3519
1204	6671
8073	5053
6181	8107
6180	7232
8085	133
629	4228
6176	4221
631	3025
6068	10091
6076	6678
6169	7747
1236	2351
8076	4848
6081	5814
6082	444
1291	2275
6217	5241
8314	7479
6246	3282
8280	7671
6266	5279
6264	8582
5735	2902
8275	3050
568	8855
1336	8072
8271	1340
5742	919
6256	9596
5749	1875
6255	9338
8266	332
8265	8764
5753	624
5755	9058
6250	4304
569	10155
669	3468
6248	47
5768	7519
7976	8072
7977	1664
668	729
5775	953
5776	6494
1326	2623
1325	360
5779	2589
6271	5476
1346	6078
565	8669
5690	8195
5677	172
8312	6363
5679	8146
8310	7295
5681	6268
552	8450
8307	9911
5684	3979
8305	845
1358	6367
5687	6895
555	4641
6286	10209
6285	1697
5719	1803
1354	3746
5696	3140
6282	5341
5700	3634
5701	4147
5704	1248
6279	9721
5708	9058
5709	4330
563	2969
564	3284
5711	4369
5717	3746
8247	133
8245	8045
8177	8853
8244	4035
5831	543
585	6306
5834	1480
1301	4354
8204	4661
5839	10200
1299	7829
1194	5737
5846	2934
588	2907
1298	3790
5848	2351
8196	4771
590	6078
8194	5476
1195	2462
6225	9468
5851	1540
5853	8873
5855	3475
5861	2019
5862	4089
5865	2497
5866	3282
661	750
6223	1051
5872	10047
5873	7808
6221	554
1193	8165
8210	7767
1192	9466
5801	4769
5782	287
5784	9911
1322	5571
5788	7947
8239	1614
8238	3790
574	8147
1189	7683
5791	2001
8234	7210
7981	6673
575	2855
1190	3584
1316	5728
5826	4369
8228	702
5803	2085
8226	8232
5805	6231
5809	2351
8223	2158
5813	2808
5815	1399
8217	10091
1310	5728
1309	1973
1308	1012
1306	1691
6444	9257
5165	1538
7670	2462
4501	509
4419	3982
1045	6829
4431	1387
4435	2496
4437	10047
1726	2744
8988	8544
370	8546
371	8195
4443	2198
1723	2625
4445	2270
4448	10112
8981	5317
4453	6840
1721	3700
4457	10209
4459	8300
4462	2462
378	8762
4465	9425
4466	1319
1719	2165
1709	3409
749	4282
8966	5139
4485	9576
4491	780
7737	3332
753	1875
4417	5483
4414	9007
4390	9727
4364	2385
4365	8107
1034	2054
4371	633
4374	6163
1740	10037
9024	10112
362	2960
4380	8855
4383	9529
4386	3945
363	8329
754	332
9016	9622
8999	9474
4394	902
9014	4277
4395	7825
7724	4755
1736	5907
364	6306
365	5241
366	4441
6711	314
9004	2123
4407	6313
4413	1481
9000	9483
748	8165
1054	90
1746	3450
4507	5476
4567	133
8920	8987
6669	10037
8918	7834
4573	9951
7757	2544
1061	4045
1685	9058
6664	503
1681	5477
6654	4682
4593	3924
8907	3539
4595	9133
6648	9727
4604	6140
396	4354
4608	8065
8899	6494
1679	6363
6644	185
1072	5361
8895	2974
4623	5435
4624	2960
4625	2801
1675	10047
8890	3746
8889	8855
7755	4476
8923	4369
6672	7232
743	373
7742	9918
381	806
6686	4657
6681	8045
1701	8065
746	5257
4519	5833
8947	3002
8946	6153
4520	6912
4522	5499
745	1533
7748	4347
383	133
4553	4833
6679	1800
4528	2351
1056	7528
1695	5757
8935	4084
4536	4771
4537	7876
385	8202
4540	6834
6676	2387
4545	8554
387	6579
4548	994
4363	8625
4353	9897
1670	1756
4214	153
4164	4661
1819	2951
1025	7198
1817	4060
6780	9719
7682	7683
4176	1427
765	8018
323	133
4178	731
1813	4153
9128	9261
4185	9562
764	4282
4191	2566
6779	3067
7686	3475
1811	2625
9120	1063
7687	10181
6777	6716
4201	2215
1807	7262
6774	5263
9114	1143
6770	5534
4209	5152
4211	3475
7691	5341
4163	3112
6785	9235
9142	988
7673	1088
768	2855
9172	8252
6798	8221
4120	4860
305	1039
306	10145
308	8027
4122	4277
310	3003
4124	8122
4126	4869
4127	2490
4128	1064
9159	1039
4160	8433
1022	7528
4137	2340
9155	8950
9154	1973
6788	9511
4140	7820
9151	4657
4144	7648
318	6829
4145	3030
4148	3170
4149	9483
7677	1973
4213	6673
9107	8146
4352	4349
4215	6132
9068	4020
6745	4769
758	7577
7711	2097
1764	7466
6744	2858
1761	9310
344	10028
4317	3984
7713	7676
4320	1703
6743	10209
9055	2315
757	7747
1758	6816
352	7735
353	9585
4332	6909
4335	4354
9046	5257
9045	4641
4336	2559
4337	6834
9042	5477
4339	1328
7718	9562
6733	2087
4350	5139
9037	4354
1775	7903
6750	7198
4280	2573
1028	9164
335	4444
9103	6130
1801	1796
9100	7876
4226	1533
9097	1258
1794	9938
4229	1404
6765	605
1792	9275
760	4653
1026	8710
4240	9254
1029	3563
1779	6078
1789	9466
9085	9577
7701	7428
4255	3450
9082	1949
7702	1404
9080	133
9079	3563
6756	4547
6753	1546
9076	968
4275	6920
1031	4189
6637	8072
4639	5563
5162	5283
1563	4769
4989	941
8699	2774
4994	3732
5001	5703
5004	2389
6516	6015
5012	3211
1106	5907
1574	691
5019	3886
8688	1171
5021	6337
1107	1039
1111	3769
6497	7198
8682	2892
7841	988
5035	2315
8679	3945
5036	4906
1568	2368
5038	3563
8675	5476
6496	10180
7843	3890
447	1263
1565	7569
8670	4035
1564	5152
710	1387
7831	9981
6529	7428
716	1486
1606	90
8735	7782
1604	2808
8733	649
4907	7253
8731	9971
4912	8477
440	7406
8728	246
441	3025
6539	2974
6537	5833
6535	8004
4936	1427
4978	3282
4942	2510
4943	4840
4945	2462
712	8487
1592	6353
4958	3475
4959	7811
4962	5738
4965	10209
8708	8853
8707	1317
1585	8065
1583	8546
6493	9288
6492	7723
718	1033
450	8611
6467	1703
5119	6638
7858	1098
464	6280
5122	3295
8623	307
5125	3475
8621	5877
5126	918
5127	3618
8618	2739
5130	5242
6464	2239
5132	6437
1122	3982
5137	7232
6457	5435
704	109
8610	2909
1520	1399
1519	373
8606	6912
8605	2642
6454	2744
5156	9981
5157	2425
701	9596
5160	10028
8599	8609
5117	633
5114	6367
5111	2720
6482	6546
1562	2351
6491	9167
451	4769
1561	5503
8660	571
1116	316
5065	4960
1117	9727
1558	4833
6485	2265
1557	4300
5080	3746
5081	1263
5089	560
1532	1875
5090	3764
1548	2272
5098	10112
8643	6895
6475	10126
5101	4631
459	9247
1539	3015
6472	3295
5107	4369
8635	9425
8634	6843
462	8598
8737	2097
1607	1756
8885	5814
7800	5503
4707	2642
4708	2272
1653	2158
1077	4455
4718	10047
4725	7303
7784	1136
8840	5393
7786	9235
4734	780
8836	4347
8835	454
7787	8329
8833	8297
8831	6638
4740	7231
8828	6671
1081	6308
4750	9938
1644	4660
6599	8793
6592	7971
1641	2907
6588	2510
6587	10200
6585	6313
4773	6505
7799	2909
8813	2742
4706	3170
6620	4084
7781	2351
4663	1875
399	6323
4642	7103
6634	1292
6629	3715
4650	10047
7773	2851
4652	2922
8875	283
4654	8546
4655	1282
402	4289
1665	1037
1074	1065
4664	2319
4697	6638
7776	109
404	6505
4670	493
8862	9425
4675	4807
4680	6499
8859	8252
8858	9043
1661	2855
405	5105
4685	4045
6622	4309
6621	2387
415	3890
6582	4653
4894	2111
8807	2855
4836	8974
4837	3806
8771	9009
1622	8690
1090	8873
6560	9298
1619	2029
1617	6783
4849	5363
4851	1248
6556	5241
8760	6755
434	7825
7815	9275
1610	2297
4871	5483
7816	8933
8753	806
4878	4769
4879	8749
4883	868
4885	2462
8748	4653
8747	2855
8746	963
1095	100
8744	2315
6544	4547
4889	2039
425	2462
4835	6495
4829	9043
7369	7198
4786	1697
4789	1973
8804	7486
8803	9213
6574	1446
8801	4369
8800	7825
8799	603
8798	8922
4794	7811
4795	2049
8794	7825
4797	4572
4802	8297
1089	6078
4803	6132
4804	8403
1630	5724
1626	8853
8786	9666
4815	7782
6569	5219
6565	918
423	1540
8781	4063
4823	2801
8779	633
4824	2652
4800	6308
