9848	10245
1554	4437
8599	6984
1497	1988
1777	7064
4042	5097
1419	7204
8540	10077
7730	9494
12843	4732
9524	7116
10028	541
7588	445
4413	10553
3411	5529
9344	9848
10375	8569
9155	9848
2385	5229
12949	6410
5264	1829
12567	10235
4004	4413
8181	3825
11289	12429
2453	2710
7593	1554
9585	4004
2324	1379
5469	2133
9452	8701
11892	9452
7044	8569
10740	7189
13013	5469
5614	604
7208	8503
4720	9524
7117	408
6674	4059
12686	5570
10791	1214
8344	8250
10306	8731
2843	1554
2351	508
8952	9254
12628	13037
98	5784
3462	7450
767	7705
3146	9848
7841	9452
9545	4189
5400	10375
4035	4382
11902	6826
4998	13062
7107	6991
10893	1115
1289	5469
2829	4991
4639	1777
3019	252
4193	1497
7599	10649
10267	9494
9825	427
11285	6632
795	11362
6991	6177
5200	4291
9185	11261
3714	11603
7157	2852
4207	12056
9228	2385
508	8540
8225	8477
11448	9379
7726	1554
4845	11221
3825	7117
7911	4912
5934	857
6632	546
4412	11478
1379	12409
4111	10131
7952	9614
5494	6136
252	4879
2502	7208
5221	10028
7570	252
492	5264
8886	10375
4464	5654
1179	2161
5496	537
3719	357
10779	3051
4213	767
5482	9848
533	8971
6177	9614
10131	4720
12642	5614
9614	7157
11739	4845
5434	2965
10257	5200
4301	3719
5600	12642
5996	4207
12925	7599
4422	11355
9638	7952
318	5264
11454	11285
4765	7157
8984	4059
1807	9848
4189	10740
12475	4387
2696	6165
2965	1554
916	3462
9865	1419
11419	6632
5355	8792
212	2127
10801	5494
291	2016
769	11758
10406	6975
566	9199
3664	12628
2232	13062
3305	1289
6475	10783
7457	9026
12527	8984
1806	8299
12124	12949
7671	212
6984	10893
5821	5264
5422	6366
8043	1201
5654	492
6920	4998
3252	2324
12369	1419
2386	9344
7851	1380
4735	1680
5756	2324
3277	7730
11321	5777
5673	4042
12650	6136
2576	10734
2133	11954
10215	6720
6154	12650
4674	24
10154	4412
630	4464
11120	6714
4453	6846
6753	9524
3321	4004
2018	4004
4930	3096
10708	5658
427	1353
5915	10077
10077	5494
5153	9524
3334	3658
6629	6991
8134	4042
8153	1743
12277	10965
12188	10836
7685	3796
11217	291
7955	8540
3463	11289
1866	1016
1679	971
2201	3662
934	5140
130	1670
1022	1554
1768	12429
1926	10779
10302	10708
1390	5371
11738	4437
6165	4213
10965	9825
8150	9614
8862	2442
5140	3825
3045	10716
11164	1879
7204	5614
7321	5246
7058	5469
730	2421
12709	6532
11252	8550
5459	1728
6826	10265
2124	10127
11917	4924
7423	718
3781	11289
12462	767
4382	2018
9107	5494
10265	1497
5246	7154
9379	11289
2598	4927
4405	7329
5842	11067
794	10638
6415	11384
9437	8522
4369	1806
914	10708
12201	5784
6366	492
7863	12574
9639	9587
11063	12596
5322	2490
455	10134
10388	3646
5722	8014
11478	11289
4387	2201
1019	12567
3191	8952
3718	5756
11189	8357
5597	8043
1879	1022
5097	10791
12492	7593
6001	3322
3857	8599
10865	8886
8313	767
7804	2965
7285	8522
4472	7374
5385	10893
12603	5229
13150	5821
4366	12752
4171	6490
573	5264
5237	11869
2161	9814
10134	5422
5229	5602
12051	3150
7298	8599
908	2351
7896	427
6519	9848
10952	5408
3051	4845
463	11045
7891	6921
9539	4413
11841	8886
4542	1380
1257	394
4009	493
4927	3138
4507	7058
7627	5097
10836	4042
2883	8271
9806	9702
8282	3388
10286	9348
9026	4106
9338	9452
5843	12949
11897	2852
12025	11289
1461	4393
8431	4240
11362	9348
1829	12527
5998	7157
5784	2421
2371	6490
3567	4189
3525	11289
3237	10801
408	12843
956	11036
9624	3737
4469	6415
11088	3781
5807	7208
9830	9803
9947	7064
11620	10783
1058	3411
3926	9524
1478	5996
7116	2351
5640	9614
2253	408
4185	1289
12056	3563
2421	1419
6210	9406
9040	12949
12146	1379
9785	795
9254	6177
5186	5985
8971	9657
5121	12462
8601	7588
604	9806
7189	7208
6513	1179
1772	4009
2336	5114
9132	8134
7122	10116
5092	7588
9180	1680
1523	6991
1775	10116
1743	3463
7288	4213
6650	2676
9077	3411
5585	6331
836	10388
2263	10645
5570	11110
8464	4720
12596	8599
6921	6629
11221	4930
5646	8532
10097	11289
9401	1924
11854	8181
11110	9848
9501	3966
244	5722
11254	7906
1966	11321
4611	9825
3980	7726
11792	10893
1126	8789
558	3586
6927	4542
380	11837
8501	2161
9348	6823
6939	10820
1325	1777
7318	8344
5371	10097
1728	7450
1264	5121
5228	4413
9659	7851
357	769
493	1680
7343	3825
7523	3411
12701	6412
6434	6878
4924	11285
12464	4720
13015	787
1295	8882
9334	7726
7043	12628
1015	5153
12638	12359
6083	6519
2983	1782
3423	380
10220	916
6761	4042
9190	10927
3120	9452
13122	7599
1618	12567
9702	5996
226	7588
12614	7116
41	1777
8122	8613
7807	4189
8569	10353
7450	11490
4818	8181
12752	1554
6720	463
13165	4106
11222	7726
10936	4387
10638	10131
8781	6674
6005	10936
10840	10437
7358	5202
9272	4464
5016	5494
8105	10840
6565	9614
3201	1482
1762	1812
9262	2983
7822	226
9494	9614
9277	9848
5181	12369
9382	6412
2284	9185
12659	6154
546	11917
6161	8952
3124	12277
10066	4639
9933	4413
11085	3033
12106	1788
6270	10965
10436	11869
5899	291
11261	11189
2127	6999
10116	7285
7374	9947
10724	8952
4911	4674
5625	6564
9000	7374
7598	3817
2984	1725
9853	6490
2106	12965
4228	1554
6999	10028
857	5175
2790	7157
12429	3825
10508	3718
1139	1497
12948	10028
5107	8250
9081	9026
8628	9494
7643	10267
12194	533
1559	8971
7532	3714
11272	5915
5845	9524
3662	730
3737	11036
9408	10024
24	3462
8718	9382
7752	4464
2016	5842
8553	10028
4082	8464
8550	7052
4245	12845
1782	11285
9330	2453
1482	9848
12611	12551
4738	12605
8701	2272
4856	1058
78	5985
8309	6581
11601	4595
12767	8849
6714	10097
2778	4189
1128	12843
4308	7047
2852	9228
1812	12094
6410	5016
2643	1768
6320	2453
5738	10957
6490	8952
1380	2421
10437	9283
4961	5237
7859	5996
6468	8900
5460	1289
12094	1554
6564	8886
1240	4316
8813	3252
12366	8299
10017	12260
1201	11892
6331	2386
2618	1680
12737	8952
4727	11933
10880	2870
5015	9452
1680	11933
6335	9848
6587	5494
8639	7208
9054	12843
4819	267
9920	7044
1496	8599
6301	1379
3894	4507
8908	1775
8097	6828
8988	1030
608	508
2989	9853
4572	11289
3322	4042
10818	5654
12317	9334
1268	10375
8789	8599
8657	445
7697	1777
6775	4004
5529	11213
11837	2133
4134	10028
12260	1820
3755	6410
5329	5936
9814	8550
8299	4639
9803	8344
3840	2984
6532	7044
7497	3448
7186	4042
10957	5492
537	3252
2478	2946
7289	2829
3400	9830
4907	7234
2839	7064
11603	11285
279	3131
2947	12659
6878	1554
1061	5807
12437	9614
11781	10511
3465	8595
6828	7288
11130	11902
3658	7117
5086	7463
11866	8699
2946	4464
9191	10529
12334	10375
10523	9155
9498	4413
1423	12686
9312	7627
6883	1128
10293	10257
1725	227
11451	10267
9714	1680
4447	4042
2710	5596
11773	4035
2405	3019
3586	9687
2683	767
11736	7632
2745	1523
644	5915
2403	7116
5477	7086
7555	4004
6126	12642
4352	6920
12033	7588
4293	5585
10927	9190
1816	8952
5956	11490
10687	5428
12284	597
4020	9702
6719	11927
5031	1058
6842	7593
9554	11321
1353	11781
4991	6154
8627	8431
4393	1497
4076	4035
4903	10293
11852	7730
10475	10131
465	12949
8040	9077
1581	12567
1115	4412
2837	10138
564	12094
4149	10306
6581	8273
10235	5494
12857	11289
8699	8181
7064	7311
10024	6775
10968	7730
2709	630
3138	4413
9199	9155
8731	5264
12038	9408
5985	4611
5777	1728
1089	3305
6280	11289
8503	7047
1462	5031
10722	10073
10080	1820
7655	4042
9462	6069
2244	7726
9960	1380
1869	5112
8999	6719
12939	12949
6582	12843
12425	1058
3604	8181
891	6005
10588	3714
1214	9863
13062	4039
11464	8540
2794	477
6731	4413
3846	2324
11592	291
8340	9501
8770	9825
7620	1246
5204	10267
8688	2189
9121	6366
5948	5121
5134	1497
4106	9067
2572	2421
9390	963
13037	916
10734	4042
5320	3343
4794	9233
9315	11063
4676	4207
7463	4507
6136	8590
445	12939
5408	6291
971	12321
5980	9401
9067	5186
10783	1019
7047	2794
1670	7071
7168	477
8015	10302
8477	2133
7231	8849
1342	4927
9836	1214
9233	11232
3065	4301
8376	12497
2043	4453
2189	1390
11758	4413
3879	6984
10356	9585
8829	2874
11340	7285
10072	6581
9789	2351
7616	8181
1178	5469
7748	1777
6695	5229
11158	1554
11719	1257
12067	4422
5	5961
12574	1884
4240	5264
5824	12188
12411	1690
2404	1671
7529	2253
11490	10801
11927	11240
9687	7044
12068	7627
8849	9283
6430	10131
5622	5246
2602	5422
4684	8134
10476	252
9507	11120
3646	5538
8162	12293
13093	9057
8898	7593
12970	13139
2543	1154
13010	10220
10716	8181
2788	3411
8580	10585
9790	2778
8900	5469
1344	9687
4039	492
7560	934
12189	98
7906	1816
6069	8862
1154	1139
4460	11289
11600	7329
9676	1807
7583	11584
8662	1497
8612	5496
765	4387
8465	13013
7831	9067
8159	10267
9016	2018
5791	3229
2931	13165
9086	8599
998	4924
6052	4413
6134	1777
11905	9472
4563	9086
744	11285
5968	10893
11384	9848
713	3825
12551	1214
4437	9785
11383	3229
7329	1775
9570	12567
10744	7457
2858	6632
12409	8540
8001	3019
477	9344
3192	2749
4257	9814
5054	8162
6809	1670
4017	10791
1551	2502
9863	8862
10960	12567
10488	6582
4087	12949
3506	7117
13087	12574
2660	7107
1826	9228
8766	11289
2488	4469
3050	630
5219	10801
1690	2371
7320	4692
5534	5738
10012	9585
7876	3879
10310	11252
3563	8126
10665	4193
3131	9344
11584	1179
13139	10388
12145	12970
10815	7726
8889	11289
6111	8550
7758	2543
3078	12492
9587	10779
7676	6353
3272	2385
11177	2766
11067	2385
11054	10353
4110	6291
1884	4907
8185	2696
7976	413
248	9180
2621	9501
4496	10813
1131	767
5596	8431
763	5597
7138	12067
11076	2829
4912	12156
2615	3411
12436	11410
6125	7116
8590	9392
4667	4004
5559	5221
963	4413
11864	7599
5112	2386
3591	10343
2970	7555
4879	12603
8357	7186
1988	12306
6191	11464
5428	1139
12679	8181
12293	4009
12924	12949
2792	1777
4897	492
1394	4856
12845	5496
2272	7189
3499	11289
8584	5355
469	8105
5658	3462
4724	6753
701	9865
7311	5400
8323	8599
4379	3617
2207	4927
1534	9501
1833	7730
141	5791
10464	5673
2626	5703
709	218
7572	12679
7037	7730
411	7107
8792	765
3966	4507
2870	11478
1730	4387
12916	8282
9057	9462
6862	9524
10763	12189
12966	6581
1038	413
4823	6134
8166	10968
12739	1497
600	130
9392	5264
541	4316
7234	5934
5114	4522
4766	12497
9383	11739
10353	4639
7640	12567
9657	7841
10138	12429
1924	12916
1565	8599
8613	10286
3388	5614
11213	9344
1224	6513
10480	5434
8420	9452
9441	3019
5564	3462
4059	2161
8636	13013
1308	5494
1820	5855
3617	4257
7990	252
6747	7157
159	9524
5557	1967
10585	11085
13170	6388
5202	6366
11355	11384
3799	1045
1653	6901
8250	13087
6846	5996
11855	3719
751	8657
12690	795
1246	1671
10934	9452
1501	4927
4784	12313
2056	9686
7090	4369
8126	12313
9992	2127
2905	9848
10309	1308
2865	7832
3958	5640
4021	10475
5817	10645
6830	1554
1788	8181
3932	7263
10127	2386
6186	4472
10570	1179
7316	11478
865	1829
9283	12857
2092	7588
9885	7859
5538	2453
3862	291
12969	11355
810	8313
12589	9570
10151	10375
10813	7044
5936	13087
3256	4004
12396	11841
2358	2778
6901	4652
3738	7107
4037	7851
3318	7457
9728	9277
11183	8323
6391	4845
7716	5107
3817	7298
3727	7588
1196	5031
3150	492
1262	7037
2930	2970
4712	3078
4571	3462
12395	252
9472	8344
5513	9803
5558	8813
6912	1419
10553	11689
5727	5494
9465	6674
3080	8662
7310	1201
6353	10265
12497	7752
10109	1777
11232	9848
9686	1777
9862	10286
4595	7423
4867	1826
7052	9545
227	6753
1265	5264
9708	5221
12306	9865
7086	9040
11410	3662
3787	5622
8118	6301
9035	8639
1494	1554
13090	4765
8069	4405
1045	2745
5757	9825
2267	13165
887	4639
6388	4639
11747	4843
2490	10375
8271	12201
2088	1777
9870	1289
894	4413
5706	12492
12965	6753
7215	3781
687	5961
8273	12843
8855	1268
1561	766
1918	2351
3971	8015
10659	6921
267	5996
3122	1953
4316	7570
11687	12611
10287	11340
10128	10791
106	12567
6291	4405
3033	2088
3989	10740
11131	11383
5602	10372
4692	2965
7263	5998
1030	463
1053	9338
6975	8501
3833	9862
9391	7841
8532	3343
9447	8134
8696	8225
1016	7841
12052	8225
7865	9848
3343	4301
4914	2829
10372	532
11540	4009
8595	4228
4351	1918
6827	9545
10820	12189
6272	1268
11238	1240
4652	3237
787	4301
5782	12527
10649	8001
258	12124
9223	10406
11045	5614
4180	9676
8099	1534
10312	3192
4343	4393
728	508
11821	5673
11389	11164
12107	3980
11869	10267
218	8601
4270	12497
7717	9155
5855	1497
4086	3272
4023	12949
3096	12614
7742	558
10671	3252
489	6939
978	7599
6783	1777
5961	12188
9912	3334
8716	465
4618	5355
253	9452
2020	1554
11403	1179
10529	5336
9802	5899
11689	5998
1156	9190
8534	8638
7785	9545
8387	6519
11036	4507
7956	5228
5406	7976
9754	9494
3554	9830
10698	103
681	7748
11093	9992
6837	226
7632	10080
4091	8376
7832	4907
2874	7593
3229	2324
3796	8984
7192	7841
718	1864
11182	6136
6624	11854
2297	7831
12621	11892
5336	9947
12477	3519
4909	5494
394	10028
405	12621
8867	2965
8330	2829
10050	6883
6412	8464
6293	11238
7715	5654
1118	3825
13044	1501
7584	5494
6690	2092
776	12603
5703	11792
12013	10028
6275	5640
4211	3019
2749	5469
9440	12492
169	1497
6498	10028
7154	9262
532	795
13154	2385
11324	10813
443	7620
2294	4433
4040	7044
6645	7717
12156	12628
2676	3045
1481	7358
7071	2351
7048	4042
4633	1419
1692	3131
355	13029
5721	2696
5613	5494
6823	8952
6476	1816
2791	10028
4433	9848
11078	12611
7673	2336
3866	11289
1953	8340
8674	2405
4291	11603
8014	5934
1886	8886
11025	5496
10831	4914
12933	11773
10532	8601
1671	8099
12359	6177
5410	8599
9406	9132
1281	7730
10517	10508
6308	3277
6518	5140
9958	11917
3448	11362
11740	10131
10648	10267
9435	7599
4522	9344
2766	9848
11988	11164
9844	5469
7219	10779
12321	4213
6644	1554
12039	12843
8638	8540
11768	4042
10071	1379
8917	11740
2216	6921
2188	10267
4276	9539
4811	508
4732	8540
8645	252
5175	10406
766	11252
10932	10220
5353	4469
1549	4082
7095	11490
9094	11902
11984	6644
11954	6005
1917	4035
9201	7593
3933	12277
965	7320
6473	5054
103	4111
379	12124
7199	766
12774	8671
3519	5494
7644	11758
852	1554
7910	3714
8455	10437
7705	2965
4843	6270
6839	7748
2219	6415
10645	5054
413	3122
10343	9825
10245	7896
2107	7532
12313	8599
10247	887
8522	3334
2998	2133
5138	1336
4608	9077
1864	9848
48	1344
10511	10077
3835	2852
6017	4213
990	630
661	8225
1157	7320
11240	4213
5492	4042
11210	11758
1967	7117
39	1777
10073	212
8882	9920
3073	4422
1336	9825
110	12650
12605	4930
3378	11285
13029	5434
2734	9344
5276	5200
2442	12924
3949	11261
8671	7588
239	12737
12696	2965
9405	13062
11831	11120
11260	9348
5876	9803
3162	718
5648	11897
597	894
8377	916
11933	9132
6279	3096
3657	8540
7773	3334
12500	11177
8476	12464
7736	3714
1974	5200
1155	7730
4075	4111
560	1289
9164	12970
677	1019
9398	8599
9399	11490
5799	2874
3868	10267
2445	9185
680	916
5132	7107
9409	10779
9413	3252
12564	3781
9414	6984
1145	1966
10811	10475
9417	8599
1432	10724
2443	12686
2446	98
4176	11120
3471	5355
3878	4720
9355	5842
6680	4193
11206	7532
6676	2324
10832	7952
6673	12293
674	13090
8144	6991
7739	10138
4378	7321
1162	9687
9370	5784
1163	2324
3187	1551
9373	11232
5117	713
4772	10116
4466	5181
5122	2626
6020	1777
2825	10257
12554	3799
9476	10131
1433	4676
9451	12933
183	7807
2437	8344
7485	11902
2436	9848
5156	7450
5790	4189
3464	8001
10796	12659
8481	5221
1982	12567
2640	6842
1983	3462
7282	11289
6630	8952
2250	5200
1641	98
1116	2263
12507	4245
12506	7199
4474	8313
9450	1126
12530	212
12531	5322
9431	7138
8487	11222
9427	8540
5142	4413
8038	5845
12548	3124
5143	9344
176	3840
12545	10388
10806	2404
554	2188
12532	12752
3863	10406
6024	7208
5793	4276
8485	1390
2826	4453
4617	2683
8148	3411
6641	212
3538	6052
2648	7593
1228	11738
5027	6582
4045	7071
8834	5153
2550	2385
2534	8540
7019	9447
4321	5264
13063	6650
8103	8971
13061	4818
4044	3019
38	6939
8840	7285
1315	12156
4883	600
7021	4020
13053	1497
4885	4171
1557	4998
8846	10740
4890	10134
2787	9132
4817	227
3991	6984
13070	7219
6917	11067
5944	9191
11056	12638
3107	1806
13094	291
4636	11448
2781	3051
32	141
8809	10406
1708	12767
1890	558
8079	4366
35	212
13084	5727
8814	12659
11053	12949
4001	9344
6922	3321
7608	4004
620	12949
3504	5228
8825	9865
7556	4193
6918	10257
6909	6830
11064	5322
8804	9539
2599	10293
3119	6134
4913	6126
6894	2043
5951	12429
8897	1826
642	11984
3123	8952
7623	12843
8899	7685
1572	2043
5955	7910
8857	2502
7625	10716
6889	4765
1391	5140
8906	10267
3055	4111
7030	5153
1757	9806
8067	5200
8914	7310
12992	8952
6895	469
5894	7748
2525	916
6896	2676
7023	3411
4896	12201
8859	13170
6906	10934
11065	13062
6905	4496
8863	7891
8864	10131
13032	9379
7024	10818
7617	1015
4901	3411
10972	7671
1867	2201
8630	1966
8876	6674
8879	2385
10970	2188
4260	10028
2204	11892
4414	10309
4865	10791
7014	6927
7682	4469
7003	9040
3511	5469
4840	1419
7585	8599
2545	8569
6986	291
2544	6828
4324	12659
4029	1019
1360	13037
1875	7157
1355	10740
6971	2453
15	5410
6979	8313
2772	5843
13164	558
8669	103
8668	5756
13160	9040
2542	7117
5914	11738
8729	9344
4839	971
2213	7911
8704	8952
4838	445
1570	4674
3510	6177
4825	9848
2	5706
3	6826
1698	6582
8690	7643
5929	7208
4398	5614
8677	9785
8698	11025
1364	9587
11012	10154
1362	9585
6	7116
13191	916
6990	4998
4836	8569
7582	6519
3081	2843
7	4998
6972	1030
20	7891
6933	2124
13112	1419
1345	6391
13121	1554
7597	1777
4262	12201
13118	3664
13117	763
4038	7457
4261	5469
7600	1743
1885	1551
5907	533
8733	10716
6938	13122
5906	10836
7602	9676
13107	1497
622	9155
1887	2490
13104	7911
636	4927
1338	9155
8796	4720
4860	4207
13124	492
8658	8540
635	3400
13152	9155
8734	6920
8735	7730
8736	5459
4851	2016
7313	11792
6967	11088
4637	9545
13143	8465
8747	11261
7592	4720
22	7107
6965	1179
8753	12925
8664	7204
6961	12359
634	10740
6952	10267
8663	4382
10998	2870
27	4042
8916	10783
7553	2336
12989	6052
6806	2696
9084	9524
1236	3272
7670	6644
8114	713
4626	2385
10920	3252
99	2189
5981	10028
9093	252
8116	24
12839	4909
9103	7599
4649	5221
11132	10865
10917	11362
3041	3411
7675	8645
12832	13150
12831	1523
3149	4035
12829	2385
9101	5756
4444	7588
10926	8886
7045	5625
652	9933
6822	2351
9053	4819
7534	5817
8060	9067
7665	7572
7323	4595
4994	12038
598	11419
3144	4464
5975	7785
1859	10356
9065	3277
5976	4308
8588	6582
9070	11272
12861	4460
3941	10220
2489	5219
12858	10131
12856	4961
9075	9848
4445	7208
9104	4720
12988	9199
6784	8043
2477	11897
9139	7911
9142	9585
7301	4961
4789	5807
9144	11384
12791	7374
1405	3664
116	1497
8568	12359
2475	5998
9105	4042
4651	8122
9152	3519
11145	10815
1938	8540
12781	1554
9158	7107
2240	6644
3159	4674
658	7841
6778	1551
9138	2843
7679	6186
10901	5529
5019	541
9108	566
8576	6331
2809	9848
9114	10154
6797	10893
12818	5031
3152	3506
12816	12686
7302	1866
7056	7748
5984	11222
11137	6901
8119	12067
12810	11289
9126	8599
9128	7752
10904	3463
4790	9848
5989	3894
9596	8569
12803	3411
2491	8431
3946	3411
2494	2232
6870	6083
2553	1380
6879	318
8942	6695
4166	4004
8947	963
7639	5015
1903	2385
1548	477
1288	7044
5879	10215
2800	3462
4983	11217
4802	3989
2227	1240
2228	9848
3964	11740
8961	7560
4272	10028
4800	6984
3495	13165
4426	12642
1676	9185
7546	5614
3497	8699
4252	7588
10954	6690
60	9344
3972	4276
4049	7730
4928	9933
12983	12188
12982	5355
8921	6826
8922	8105
643	7529
6885	1581
1293	12056
1555	11792
3128	4004
11082	8134
3498	10791
3970	6714
62	566
7548	8420
12968	7588
5958	5996
1553	7107
3960	2133
12935	9334
3959	7289
9008	12949
12904	11289
9010	9040
5868	1390
5865	4035
3950	1866
4827	763
8605	4189
12896	2453
1909	8166
1910	12752
9032	5264
1673	7588
6833	98
8600	4023
4795	10286
2233	3719
10935	7117
12886	2615
9037	7107
5974	1419
4981	8553
9009	3146
8607	9016
11097	10791
601	1497
7645	3737
2500	4464
77	7298
1278	7117
7035	7952
10943	10480
6858	2696
8111	2788
5969	4472
2555	130
11104	11036
2496	8886
2601	7231
4427	10671
6854	573
11106	5469
12913	2404
10939	914
4629	3237
7651	10356
7652	5968
10754	9848
5749	11252
531	8731
4541	3554
10589	11110
7406	12628
5501	5738
11814	5564
11813	6154
6122	5229
10201	1554
8305	8150
6124	98
3668	4460
7915	12574
7401	9026
7916	566
7917	11355
758	8952
2097	11321
2746	9452
10581	10257
1483	159
10579	8770
11796	3662
7920	11988
2980	4382
11819	7726
895	7655
10192	1966
11843	4037
7991	6632
10174	5107
11840	1419
10176	1671
10177	8862
5488	2385
10178	6291
2093	1419
5490	4042
10182	408
6314	10779
10186	7107
10187	7891
1601	6775
11827	10740
382	2201
11825	5477
10188	8344
6312	6753
10191	11189
11447	8181
2160	2358
375	4040
10566	3857
11761	413
10256	10215
3352	11054
2157	1336
4554	8122
11756	9228
5532	7199
4354	10028
2112	7730
11751	5600
6141	9806
6292	8984
10272	12527
404	9848
11745	10840
5541	1554
5668	8122
2628	8770
866	12843
11737	10517
418	7643
11735	963
8288	9554
11763	5422
2158	380
8289	1768
11790	3586
4711	5200
3659	2710
5511	7593
5512	9382
10228	998
5519	258
395	4453
1509	8159
2579	11063
11778	1554
5676	11892
5675	12051
3349	1178
10238	6191
5527	1917
10241	8134
2901	8282
2332	3411
10571	2124
7987	5934
8312	8862
3672	10134
2078	1777
10091	7117
3695	2837
11924	10050
11923	11403
6355	8540
3325	4042
5463	2696
3693	8908
5464	1816
10088	12475
4596	6901
11913	1257
3690	9686
10092	4469
2990	1461
3427	6083
2082	9848
10095	8344
352	3499
7418	7730
8193	11448
5686	7263
2083	8952
3696	1497
10078	9026
5456	8862
11930	445
10624	78
7424	6434
3430	9687
10623	2998
11949	7321
8335	13122
4597	7588
10064	4405
8334	766
940	12843
1606	8599
10068	795
10619	6165
7890	9107
5451	10066
2360	10952
3697	4413
11934	12106
5455	5791
3577	2244
11931	6927
6345	2478
2084	6475
11848	279
10145	291
1511	7044
918	9848
10129	9185
11431	1214
913	7117
10136	4724
1803	7117
911	7588
11432	6720
909	6083
3675	10375
4358	2870
10147	8134
2086	5996
10149	1353
904	5738
2087	3120
7907	11603
6328	5434
11434	12567
2286	1768
11436	7593
3680	1812
11873	7726
3335	2385
1513	5597
7895	5469
6113	4652
7417	5738
497	1618
3425	8309
3579	5229
11890	8376
2350	2965
3687	1554
11887	6939
749	6177
4132	8159
10597	4818
7416	1554
5476	9344
10119	10097
3684	5400
364	6939
7414	2598
11428	1926
5478	8431
5547	5153
10282	10116
10283	1728
3391	2749
11595	3272
456	10050
10417	13013
8243	5915
11497	763
11498	9848
8240	6126
11587	1777
461	2324
462	2453
4346	11892
4581	6984
1739	12260
5626	12603
7232	3318
11578	9199
11577	248
4577	6747
1596	9524
11573	5434
8236	6828
2151	916
3389	3781
10415	8599
7380	4724
1503	6475
830	3321
6227	934
7576	13013
448	5494
8252	7588
7948	12949
7949	267
6224	11164
11613	12475
10521	7676
825	10932
2306	9344
11609	1554
10403	12686
5618	9155
10405	1924
8249	9228
6221	9330
7226	11448
5620	914
10412	2272
11502	10529
6198	5482
3649	7044
2298	1918
2727	3825
11508	9348
2300	2839
8227	1289
10484	12306
11534	7204
4345	4207
7970	4035
791	10220
7372	751
10491	8344
11567	9067
10497	3191
11525	6366
473	12188
11513	4413
6169	10936
5643	244
5644	7891
11519	11120
7242	7058
11517	2092
800	9440
11542	5246
1784	11490
1781	7523
11566	12686
5632	10965
6197	24
11563	12359
10450	1390
7958	1061
11503	10553
7959	11854
11558	2385
6194	2405
1593	8166
467	5614
4127	9848
2139	11864
7235	380
805	11902
1741	11164
4587	8225
1742	7593
11506	6920
6182	1179
4570	6468
8253	1653
4569	4823
5572	573
851	4189
2694	4639
11699	11085
8277	1743
482	4020
8276	12194
433	9344
2744	11120
11693	2324
11692	1777
7979	3462
5607	1554
2291	5738
1492	7463
3638	13150
11685	3146
7939	7593
5582	9155
6150	13013
10324	10801
11680	9077
10541	4366
2964	10388
430	4193
6147	12359
856	11892
4195	8540
6143	6823
862	10257
2613	6826
421	7673
4558	5329
10290	13013
4687	4735
6265	1554
3648	4042
10294	11158
3593	7593
4559	3833
7395	9806
8281	8813
6262	10740
3644	6165
5566	10028
858	10791
11708	5496
11707	2965
6252	5469
3635	10265
3634	7208
5595	10375
10361	3563
7942	10310
10364	6719
11645	11892
10365	4464
3627	2778
7945	3138
4119	10708
3625	11448
3379	2018
7946	5469
3382	2267
6230	10028
11634	7321
7246	5968
2310	11478
4694	10257
11491	492
11629	6125
8254	8540
10526	9585
10360	11892
3629	9132
10537	795
4565	4111
11674	1680
2317	4823
10332	3714
7940	7423
3633	1246
7941	6912
481	3525
6249	8344
6247	13013
5592	1022
7977	8540
7214	492
2911	9614
3371	12293
10345	7316
10346	7107
2315	5264
1793	2351
11655	10267
11654	7822
11653	5915
11955	10665
10052	2161
9599	5782
1043	4845
12254	4207
706	11738
8411	2188
522	10220
12250	8323
4670	787
2172	9498
12247	2572
7134	9848
262	7374
6070	6690
3009	8889
9758	12188
3774	1565
12240	9201
4504	6335
6497	10028
6496	6761
5300	4856
12234	5107
2028	6279
1587	10306
4181	489
3782	13062
3783	7044
9737	3305
6528	5400
5287	10698
5290	9390
4498	4412
12276	8628
6521	7742
5292	4991
1055	11289
4088	5996
3242	681
10725	4845
9723	5529
2857	9848
2011	1353
8416	10257
2019	8696
525	9054
8414	8299
523	12843
5295	11892
7809	3019
7815	7730
12229	3825
9709	630
9811	9344
12197	1178
11330	11902
3008	9077
5314	9524
5315	1482
6474	4611
716	7157
8397	4387
10695	10257
5321	3272
11333	3719
5302	5625
2395	10028
518	1030
9815	12701
3007	566
3450	8181
9819	11232
12179	7956
3449	5821
9823	4171
8392	4387
6477	5934
9797	5200
12202	8344
8404	11254
7353	9107
4604	10893
7819	10235
9777	1692
12221	6191
1031	12843
7135	5622
1521	4433
2171	10865
6487	1038
12215	10077
2587	7685
8174	5422
12212	2124
12211	6177
12210	6069
7136	6883
4505	3411
5307	4035
5308	1777
9793	9848
9710	6434
1057	8971
11958	8540
225	463
5244	766
3402	4035
223	10779
1524	1497
8433	10529
10742	8344
12356	12701
3808	5246
10741	9155
9645	5469
3807	3252
1072	8299
9648	11289
12348	8628
228	5459
10739	795
9651	5614
233	9844
9652	6279
5250	9624
9654	6331
3231	1782
12364	1554
9631	7911
9630	8153
5243	10028
11277	1554
9605	7841
12389	11324
4367	1879
9607	8043
6050	5229
9612	9155
7784	9554
4664	4106
3224	10131
8436	7316
4492	4004
12377	8657
7477	12567
4610	7730
7787	6975
3812	2358
12371	9659
529	6991
3226	8181
12368	8628
5254	10028
2591	4379
3788	5756
3018	10080
3791	7095
6538	9848
6537	4542
8425	1016
6535	9789
6534	541
8423	7450
12299	8599
12298	11448
2402	4639
12295	9848
5258	6674
9699	1022
10728	2843
9701	6731
10726	3980
12290	8882
3016	7208
8422	7593
8421	12527
6531	12605
12285	1240
5739	9524
9683	4035
2588	5494
5271	9155
9661	916
2412	630
1071	2201
6547	11739
4284	1554
11297	10138
12326	1554
7795	11232
7123	4927
9671	8718
235	7911
5745	12396
12320	1289
2589	1807
7271	2207
3233	4998
6545	9452
4494	4091
7799	795
241	7321
10732	6519
2864	2088
5326	2683
2169	7730
8004	2385
12035	4207
9981	7588
2886	4042
7164	5264
6401	8540
10655	8984
5705	4387
5409	13013
12027	7671
7441	3719
12024	3411
8002	5494
12023	1554
4100	7726
9996	7593
2697	1768
2741	1058
7171	12462
3307	2358
12016	11781
7438	11240
6097	2189
4517	6883
11381	10893
3438	2905
7445	3277
9943	1224
12061	2351
3440	5756
5394	1777
970	10801
5397	7599
7858	8599
6417	318
1813	6991
8358	1015
9956	1497
12049	8313
3721	5229
12047	6644
10662	4998
11376	11792
1776	7497
10657	8420
5709	6366
9969	413
9970	226
955	7450
10004	9233
1520	3080
7426	11905
10032	8282
10636	10480
6379	1618
743	10220
1733	11892
5435	12369
6372	508
10629	4595
11973	3862
10040	2324
10042	1419
10005	12369
10628	2385
2364	11285
3572	2502
5438	8952
7176	10740
11401	9524
11963	1419
11402	4765
7425	3933
3704	10588
2368	10740
5696	4035
10029	2478
11986	4794
6392	11419
12008	357
12007	765
954	6001
2282	4185
2165	5114
10641	1833
8345	4193
10013	4924
7871	4387
5697	6564
7872	12277
2633	11854
3312	3019
7173	4021
5425	9272
4526	12567
7437	9185
10027	2207
4298	3131
3706	8282
4097	8599
7448	4924
12065	2385
9871	9040
8381	8599
8380	4639
10685	11285
6450	8550
5349	8344
6448	6809
4509	8662
993	1497
6446	11917
5350	12949
9872	318
6424	8792
7837	4930
2388	6991
7149	2883
1452	10724
11346	12948
10684	3738
11348	7298
4296	12124
12122	12709
12121	2201
11344	8553
9857	12948
5342	916
9855	11739
3447	2385
6465	5980
12167	12650
3003	6293
9837	4998
3278	7058
12163	1554
2392	541
4362	2324
12160	12843
9841	8225
2041	2710
5330	5400
1005	8601
1451	1240
9847	3664
5337	12277
5340	3305
1624	1554
1818	7627
4508	4189
12120	5934
12118	8599
12117	1551
4095	9848
981	4207
10667	1497
3295	1554
9918	2336
3731	11892
11365	7896
12082	1554
9921	10306
6428	1866
5387	8464
12077	2189
9926	2984
11367	1884
9929	212
2958	12686
11369	573
976	8250
5389	5496
11370	12686
729	4366
9938	6826
509	12949
512	2829
7153	4998
304	10375
3507	110
11350	7644
1815	2837
7842	1497
12111	4185
11351	5228
2635	7555
10679	3719
9896	5855
12105	9228
986	9228
8367	13013
11354	8540
2739	7730
10676	1497
5374	7532
722	7588
4335	1497
12095	13013
7264	1777
3442	9524
2769	558
