9848
1554
8599
1497
1777
4042
1419
8540
7730
12843
9524
10028
7588
4413
3411
9344
10375
9155
2385
12949
5264
12567
4004
8181
11289
2453
7593
9585
2324
5469
9452
11892
7044
10740
13013
5614
7208
4720
7117
6674
12686
10791
8344
10306
2843
2351
8952
12628
98
3462
767
3146
7841
9545
5400
4035
11902
4998
7107
10893
1289
2829
4639
3019
4193
7599
10267
9825
11285
795
6991
5200
9185
3714
7157
4207
9228
508
8225
11448
7726
4845
3825
7911
5934
6632
4412
1379
4111
7952
5494
252
2502
5221
7570
492
8886
4464
1179
5496
3719
10779
4213
5482
533
6177
10131
12642
9614
11739
5434
10257
4301
5600
5996
12925
4422
9638
318
11454
4765
8984
1807
4189
12475
2696
2965
916
9865
11419
5355
212
10801
291
769
10406
566
3664
2232
3305
6475
7457
12527
1806
12124
7671
6984
5821
5422
8043
5654
6920
3252
12369
2386
7851
4735
5756
3277
11321
5673
12650
2576
2133
10215
6154
4674
10154
630
11120
4453
6753
3321
2018
4930
10708
427
5915
10077
5153
3334
6629
8134
8153
12277
12188
7685
11217
7955
3463
1866
1679
2201
934
130
1022
1768
1926
10302
1390
11738
6165
10965
8150
8862
5140
3045
11164
7204
7321
7058
730
12709
11252
5459
6826
2124
11917
7423
3781
12462
4382
9107
10265
5246
9379
2598
4405
5842
794
6415
9437
4369
914
12201
6366
7863
9639
11063
5322
455
10388
5722
11478
4387
1019
3191
3718
11189
5597
1879
5097
12492
6001
3857
10865
8313
7804
7285
4472
5385
12603
13150
4366
4171
573
5237
2161
10134
5229
12051
7298
908
7896
6519
10952
3051
463
7891
9539
11841
4542
1257
4009
4927
4507
7627
10836
2883
9806
8282
10286
9026
9338
5843
11897
12025
1461
8431
11362
1829
5998
5784
2371
3567
3525
3237
408
956
9624
4469
11088
5807
9830
9947
11620
1058
3926
1478
7116
5640
2253
4185
12056
2421
6210
9040
12146
9785
9254
5186
8971
5121
8601
604
7189
6513
1772
2336
9132
7122
5092
9180
1523
1775
1743
7288
6650
9077
5585
836
2263
5570
8464
12596
6921
11221
5646
10097
9401
11854
11110
9501
244
11254
1966
4611
3980
11792
1126
558
6927
380
8501
9348
6939
1325
7318
5371
1728
1264
5228
9659
357
493
7343
7523
12701
6434
4924
12464
13015
1295
9334
7043
1015
12638
6083
2983
3423
10220
6761
9190
3120
13122
1618
9702
226
12614
41
8122
7807
8569
7450
4818
12752
6720
13165
11222
10936
10638
8781
6005
10840
7358
9272
5016
8105
6565
3201
1762
9262
7822
9494
9277
5181
9382
2284
12659
546
6161
3124
10066
9933
11085
12106
6270
10436
5899
11261
2127
10116
7374
10724
4911
5625
9000
7598
2984
9853
2106
4228
6999
857
2790
12429
10508
1139
12948
5107
9081
8628
7643
12194
1559
7532
11272
5845
3662
3737
9408
24
8718
7752
2016
8553
4082
8550
4245
1782
9330
1482
12611
4738
8701
4856
78
8309
11601
12767
6714
2778
1128
4308
2852
1812
6410
2643
6320
5738
6490
1380
10437
4961
7859
6468
5460
12094
6564
1240
8813
12366
10017
1201
6331
2618
12737
4727
10880
5015
1680
6335
6587
8639
9054
4819
9920
1496
6301
3894
8908
8097
8988
608
2989
4572
3322
10818
12317
1268
8789
8657
7697
6775
5529
11837
4134
12260
3755
5329
9814
8299
9803
3840
6532
7497
7186
10957
537
2478
7289
3400
4907
2839
11603
279
2947
6878
1061
12437
11781
3465
6828
11130
3658
5086
11866
2946
9191
12334
10523
9498
1423
9312
6883
10293
1725
11451
9714
4447
2710
11773
2405
3586
2683
11736
2745
644
2403
5477
7555
6126
4352
12033
4293
10927
1816
5956
10687
12284
4020
6719
5031
6842
9554
1353
4991
8627
4393
4076
4903
11852
10475
465
8040
1581
1115
2837
564
4149
6581
10235
12857
8699
7064
10024
10968
2709
3138
9199
8731
12038
5985
5777
1089
6280
8503
1462
10722
10080
7655
9462
2244
9960
1869
8999
12939
6582
12425
3604
891
10588
1214
13062
11464
2794
6731
3846
11592
8340
8770
7620
5204
8688
9121
5948
5134
4106
2572
9390
13037
10734
5320
4794
9315
4676
7463
6136
445
5408
971
5980
9067
10783
7047
1670
7168
8015
8477
7231
1342
9836
9233
3065
8376
2043
2189
11758
3879
10356
8829
11340
10072
9789
7616
1178
7748
6695
11158
11719
12067
5
12574
4240
5824
12411
2404
7529
11490
11927
9687
12068
8849
6430
5622
2602
4684
10476
9507
3646
8162
13093
8898
12970
2543
13010
10716
2788
8580
9790
8900
1344
4039
7560
12189
7906
6069
1154
4460
11600
9676
7583
8662
8612
765
8465
7831
8159
9016
5791
2931
9086
998
6052
6134
11905
4563
744
5968
11384
713
12551
4437
11383
7329
9570
10744
2858
12409
8001
477
3192
4257
5054
6809
4017
1551
9863
10960
10488
4087
3506
13087
2660
1826
8766
2488
3050
5219
1690
7320
5534
10012
7876
10310
3563
10665
3131
11584
13139
12145
10815
8889
6111
7758
3078
9587
7676
3272
11177
11067
11054
4110
1884
8185
7976
248
2621
4496
1131
5596
763
7138
11076
4912
2615
12436
6125
8590
4667
5559
963
11864
5112
3591
2970
4879
8357
1988
6191
5428
12679
12293
12924
2792
4897
1394
12845
2272
3499
8584
469
5658
4724
701
7311
8323
4379
2207
1534
1833
141
10464
2626
709
7572
7037
411
8792
3966
2870
1730
12916
9057
6862
10763
12966
1038
4823
8166
12739
600
9392
541
7234
5114
4766
9383
10353
7640
9657
10138
1924
1565
8613
3388
11213
1224
10480
8420
9441
5564
4059
8636
1308
1820
3617
7990
6747
159
5557
10585
13170
5202
11355
3799
1653
8250
6846
11855
751
12690
1246
10934
1501
4784
2056
7090
8126
9992
2905
10309
2865
3958
4021
5817
6830
1788
3932
10127
6186
10570
7316
865
9283
2092
9885
5538
3862
12969
810
12589
10151
10813
5936
3256
12396
2358
6901
3738
4037
3318
9728
11183
6391
7716
3817
3727
1196
3150
1262
2930
4712
4571
12395
9472
5513
5558
6912
10553
5727
9465
3080
7310
6353
12497
10109
11232
9686
9862
4595
4867
7052
227
1265
9708
12306
7086
11410
3787
8118
9035
1494
13090
8069
1045
5757
2267
887
6388
11747
2490
8271
2088
9870
894
5706
12965
7215
687
8273
8855
1561
1918
3971
10659
267
3122
4316
11687
10287
10128
106
6291
3033
3989
11131
5602
4692
7263
1030
1053
6975
3833
9391
8532
9447
8696
1016
12052
7865
3343
4914
10372
11540
8595
4351
6827
10820
6272
11238
4652
787
5782
10649
258
9223
11045
4180
8099
10312
4343
728
11821
11389
12107
11869
218
4270
7717
5855
4086
4023
3096
7742
10671
489
978
6783
5961
9912
8716
4618
253
2020
11403
10529
9802
11689
1156
8534
7785
8387
11036
7956
5406
9754
3554
10698
681
11093
6837
7632
4091
7832
2874
3229
3796
7192
718
11182
6624
2297
12621
5336
12477
4909
394
405
8867
8330
10050
6412
6293
7715
1118
13044
7584
6690
776
5703
12013
6275
4211
2749
9440
169
6498
7154
532
13154
11324
443
2294
4040
6645
12156
2676
1481
7071
7048
4633
1692
355
5721
5613
6823
6476
2791
4433
11078
7673
3866
1953
8674
4291
8014
1886
11025
10831
12933
10532
1671
12359
5410
9406
1281
10517
6308
6518
9958
3448
11740
10648
9435
4522
2766
11988
9844
7219
12321
6644
12039
8638
11768
10071
8917
2216
2188
4276
4811
4732
8645
5175
766
10932
5353
1549
7095
9094
11984
11954
1917
9201
3933
965
6473
103
379
7199
12774
3519
7644
852
7910
8455
7705
4843
6839
2219
10645
413
10343
10245
2107
12313
10247
8522
2998
5138
4608
1864
48
10511
3835
6017
990
661
1157
11240
5492
11210
1967
39
10073
8882
3073
1336
110
12605
3378
13029
2734
5276
2442
3949
8671
239
12696
9405
11831
11260
5876
3162
5648
597
8377
11933
6279
3657
7773
12500
8476
7736
1974
1155
4075
560
9164
677
9398
9399
5799
3868
2445
680
5132
9409
9413
12564
9414
1145
10811
9417
1432
2443
2446
4176
3471
3878
9355
6680
11206
6676
10832
6673
674
8144
7739
4378
1162
9370
1163
3187
9373
5117
4772
4466
5122
6020
2825
12554
9476
1433
9451
183
2437
7485
2436
5156
5790
3464
10796
8481
1982
2640
1983
7282
6630
2250
1641
1116
12507
12506
4474
9450
12530
12531
9431
8487
9427
5142
8038
12548
5143
176
12545
10806
554
12532
3863
6024
5793
8485
2826
4617
8148
6641
3538
2648
1228
5027
4045
8834
2550
2534
7019
4321
13063
8103
13061
4044
38
8840
1315
4883
7021
13053
4885
1557
8846
4890
2787
4817
3991
13070
6917
5944
11056
3107
13094
4636
2781
32
8809
1708
1890
8079
35
13084
8814
11053
4001
6922
7608
620
3504
8825
7556
6918
6909
11064
8804
2599
3119
4913
6894
5951
8897
642
3123
7623
8899
1572
5955
8857
7625
6889
1391
8906
3055
7030
1757
8067
8914
12992
6895
5894
2525
6896
7023
4896
8859
6906
11065
6905
8863
8864
13032
7024
7617
4901
10972
1867
8630
8876
8879
10970
4260
2204
4414
4865
7014
7682
7003
3511
4840
7585
2545
6986
2544
4324
4029
1360
1875
1355
6971
15
6979
2772
13164
8669
8668
13160
2542
5914
8729
4839
2213
8704
4838
1570
3510
4825
2
3
1698
8690
5929
4398
8677
8698
1364
11012
1362
6
13191
6990
4836
7582
3081
7
6972
20
6933
13112
1345
13121
7597
4262
13118
13117
4038
4261
7600
1885
5907
8733
6938
5906
7602
13107
622
1887
13104
636
1338
8796
4860
13124
8658
635
13152
8734
8735
8736
4851
7313
6967
4637
13143
8747
7592
22
6965
8753
8664
6961
634
6952
8663
10998
27
8916
7553
12989
6806
9084
1236
7670
8114
4626
10920
99
5981
9093
8116
12839
9103
4649
11132
10917
3041
7675
12832
12831
3149
12829
9101
4444
10926
7045
652
6822
9053
7534
8060
7665
7323
4994
598
3144
5975
1859
9065
5976
8588
9070
12861
3941
2489
12858
12856
9075
4445
9104
12988
6784
2477
9139
9142
7301
4789
9144
12791
1405
116
8568
2475
9105
4651
9152
11145
1938
12781
9158
2240
3159
658
6778
9138
7679
10901
5019
9108
8576
2809
9114
6797
12818
3152
12816
7302
7056
5984
11137
8119
12810
9126
9128
10904
4790
5989
9596
12803
2491
3946
2494
6870
2553
6879
8942
4166
8947
7639
1903
1548
1288
5879
2800
4983
4802
2227
2228
3964
8961
4272
4800
3495
4426
1676
7546
3497
4252
10954
60
3972
4049
4928
12983
12982
8921
8922
643
6885
1293
1555
3128
11082
3498
3970
62
7548
12968
5958
1553
3960
12935
3959
9008
12904
9010
5868
5865
3950
4827
8605
12896
1909
1910
9032
1673
6833
8600
4795
2233
10935
12886
9037
5974
4981
9009
8607
11097
601
7645
2500
77
1278
7035
10943
6858
8111
5969
2555
11104
2496
2601
4427
6854
11106
12913
10939
4629
7651
7652
10754
5749
531
4541
10589
7406
5501
11814
11813
6122
10201
8305
6124
3668
7915
7401
7916
7917
758
2097
2746
10581
1483
10579
11796
7920
2980
11819
895
10192
11843
7991
10174
11840
10176
10177
5488
10178
2093
5490
10182
6314
10186
10187
1601
11827
382
11825
10188
6312
10191
11447
2160
375
10566
11761
10256
3352
2157
4554
11756
5532
4354
2112
11751
6141
6292
10272
404
11745
5541
5668
2628
866
11737
418
11735
8288
11763
2158
8289
11790
4711
3659
5511
5512
10228
5519
395
1509
2579
11778
5676
5675
3349
10238
5527
10241
2901
2332
10571
7987
8312
3672
2078
10091
3695
11924
11923
6355
3325
5463
3693
5464
10088
4596
11913
3690
10092
2990
3427
2082
10095
352
7418
8193
5686
2083
3696
10078
5456
11930
10624
7424
3430
10623
11949
8335
4597
10064
8334
940
1606
10068
10619
7890
5451
2360
3697
11934
5455
3577
11931
6345
2084
11848
10145
1511
918
10129
11431
913
10136
1803
911
11432
909
3675
4358
10147
2086
10149
904
2087
7907
6328
11434
2286
11436
3680
11873
3335
1513
7895
6113
7417
497
3425
3579
11890
2350
3687
11887
749
4132
10597
7416
5476
10119
3684
364
7414
11428
5478
5547
10282
10283
3391
11595
456
10417
8243
11497
11498
8240
11587
461
462
4346
4581
1739
5626
7232
11578
11577
4577
1596
11573
8236
2151
3389
10415
7380
1503
830
6227
7576
448
8252
7948
7949
6224
11613
10521
825
2306
11609
10403
5618
10405
8249
6221
7226
5620
10412
11502
6198
3649
2298
2727
11508
2300
8227
10484
11534
4345
7970
791
7372
10491
11567
10497
11525
473
11513
6169
5643
5644
11519
7242
11517
800
11542
1784
1781
11566
5632
6197
11563
10450
7958
11503
7959
11558
6194
1593
467
4127
2139
7235
805
1741
4587
1742
11506
6182
4570
8253
4569
5572
851
2694
11699
8277
482
8276
433
2744
11693
11692
7979
5607
2291
1492
3638
11685
7939
5582
6150
10324
11680
10541
2964
430
6147
856
4195
6143
862
2613
421
4558
10290
4687
6265
3648
10294
3593
4559
7395
8281
6262
3644
5566
858
11708
11707
6252
3635
3634
5595
10361
7942
10364
11645
10365
3627
7945
4119
3625
3379
7946
3382
6230
11634
7246
2310
4694
11491
11629
8254
10526
10360
3629
10537
4565
11674
2317
10332
7940
3633
7941
481
6249
6247
5592
7977
7214
2911
3371
10345
10346
2315
1793
11655
11654
11653
11955
10052
9599
1043
12254
706
8411
522
12250
4670
2172
12247
7134
262
6070
3009
9758
3774
12240
4504
6497
6496
5300
12234
2028
1587
4181
3782
3783
9737
6528
5287
5290
4498
12276
6521
5292
1055
4088
3242
10725
9723
2857
2011
8416
2019
525
8414
523
5295
7809
7815
12229
9709
9811
12197
11330
3008
5314
5315
6474
716
8397
10695
5321
11333
5302
2395
518
9815
3007
3450
9819
12179
3449
9823
8392
6477
9797
12202
8404
7353
4604
7819
9777
12221
1031
7135
1521
2171
6487
12215
2587
8174
12212
12211
12210
7136
4505
5307
5308
9793
9710
1057
11958
225
5244
3402
223
1524
8433
10742
12356
3808
10741
9645
3807
1072
9648
12348
228
10739
9651
233
9652
5250
9654
3231
12364
9631
9630
5243
11277
9605
12389
4367
9607
6050
9612
7784
4664
3224
8436
4492
12377
7477
4610
7787
3812
12371
529
3226
12368
5254
2591
3788
3018
3791
6538
6537
8425
6535
6534
8423
12299
12298
2402
12295
5258
9699
10728
9701
10726
12290
3016
8422
8421
6531
12285
5739
9683
2588
5271
9661
2412
1071
6547
4284
11297
12326
7795
7123
9671
235
5745
12320
2589
7271
3233
6545
4494
7799
241
10732
2864
5326
2169
8004
12035
9981
2886
7164
6401
10655
5705
5409
12027
7441
12024
8002
12023
4100
9996
2697
2741
7171
3307
12016
7438
6097
4517
11381
3438
7445
9943
12061
3440
5394
970
5397
7858
6417
1813
8358
9956
12049
3721
12047
10662
11376
1776
10657
5709
9969
9970
955
10004
1520
7426
10032
10636
6379
743
1733
5435
6372
10629
11973
10040
10042
10005
10628
2364
3572
5438
7176
11401
11963
11402
7425
3704
2368
5696
10029
11986
6392
12008
12007
954
2282
2165
10641
8345
10013
7871
5697
7872
2633
3312
7173
5425
4526
7437
10027
4298
3706
4097
7448
12065
9871
8381
8380
10685
6450
5349
6448
4509
993
6446
5350
9872
6424
7837
2388
7149
1452
11346
10684
11348
4296
12122
12121
11344
9857
5342
9855
3447
6465
12167
3003
9837
3278
12163
2392
4362
12160
9841
2041
5330
1005
1451
9847
5337
5340
1624
1818
4508
12120
12118
12117
4095
981
10667
3295
9918
3731
11365
12082
9921
6428
5387
12077
9926
11367
9929
2958
11369
976
5389
11370
729
9938
509
512
7153
304
3507
11350
1815
7842
12111
11351
2635
10679
9896
12105
986
8367
11354
2739
10676
5374
722
4335
12095
7264
3442
2769
