29	83,98,110
5	98,118,112
395	118,110,119
380	98,83,118
198	118,98,83
576	98,118,112
228	83,98,119
181	118,112,98
442	99,2,84
310	119,118,110
703	98,99,114
307	83,118,98
370	113,114,99
449	113,115,82
2	112,103,98
565	110,119,118
664	98,99,114
539	98,118,112
515	99,114,98
254	98,83,119
215	118,83,98
40	118,119,110
601	119,83,118
623	98,118,83
266	110,99,83
619	118,83,98
648	113,114,99
640	118,83,98
451	114,99,98
64	98,83,118
655	98,119,83
558	98,83,118
553	119,110,118
183	114,98,99
200	110,119,118
264	98,114,99
674	98,83,118
295	83,119,110
629	98,114,99
711	83,98,118