22	2181,2694,2696,1170,2582,1303,1175,2585,25,2717,2718,1950,2720,1697,2721,414,2719,2722,2723,2724,1704,2473,2725,2727,2728,1709,174,2606,2729,2609,1842,2730,52,2731,2732,2733,2736,57,2737,2738,2748,2749,2741,2742,64,1985,2745,2627,1348,2628,198,2750,1742,2644,2739,1750,855,473,2740,2521,1885,2269,2743,2546,2547,2674,1270,2746,2427,2172,2747,2174
88	1043,2586,2591,547,38,1578,52,2103,59,1600,579,2635,85,101,2661,1131,2668,1140,1157,1670,2695,649,2700,1176,677,683,1708,2735,2743,186,191,2755,712,1758,741,1253,1255,239,244,2814,1791,2824,2825,266,272,1808,1298,2834,280,1820,2845,2849,2850,2851,2852,2853,2854,2855,2359,825,1849,318,1863,334,846,2384,849,2388,2394,872,892,2469,1965,950,1980,2502,2529,1510,1514,502
119	28,101,272,288,301,316,341,378,449,532,659,663,698,705,731,744,958,1076,1104,1172,1292,1313,1323,1341,1465,1469,1473,1488,1573,1644,1758,1893,1958,1975,1978,2082,2164,2166,2191,2235,2338,2389,2535,2544,2545,2546,2548,2549,2550,2551
122	521,1547,2584,25,2586,2587,1052,28,1572,2603,1076,57,1089,580,2629,1094,1097,589,79,2644,96,2155,1644,2162,2675,2167,2172,1664,645,2181,2182,1672,655,1168,1689,1178,2717,1697,2721,2723,2724,2727,1704,2729,2731,1709,175,2736,2737,2738,179,180,2739,2740,2741,2749,2752,2241,198,2246,1225,725,221,2269,2282,238,1777,266,1303,296,1839,310,2362,2882,2889,842,331,2901,855,1879,2903,1887,2917,1895,2922,877,2427,900,1930,1931,2473,1972,1977,2493,461,2005,473,475,2533,1515,2546,2547,1528,1023
339	769,255,1032,10,1291,145,533,1302,1048,161,1313,1314,1315,1316,1317,295,296,1318,1319,43,684,1320,1321,1322,1323,305,1325,1326,1327,1328,1329,311,1330,1331,1332,571,1333,1334,1214,1335,1336,1337,1338,195,835,1340,1341,1342,1343,1344,1345,1346,1347,1229,1350,1351,1352,1339,1353,1354,1355,347,608,613,102,1254,361,754,1142,889,1147,508,1348
422	67,77,96,97,99,105,121,128,141,157,171,220,229,232,236,250,271,272,273,297,300,349,358,369,384,390,395,402,403,449,467,484,529,635,663,675,684,690,706,727,730,732,762,763,764,767,776,797,855,857,861,862,896,903,909,913,933,1012,1030,1036,1069,1077,1080,1106,1114,1124,1164,1193,1276,1291,1294,1307,1332,1333,1339,1347,1352,1383,1385,1386,1391,1410,1454,1473,1480,1494,1562,1579,1580,1593,1640,1643,1665,1670,1704,1710,1841,1845,1857,1876,1916,1920,1926,1956,1982,1997,2001,2010,2014,2037,2039,2050,2057,2086,2094,2124,2137,2153,2208,2236,2269,2270,2271,2272,2273,2274,2275,2276,2277,2279,2280,2282,2283,2284,2285,2286,2287,2288,2289,2290,2291,2292,2293,2294,2295,2296,2297,2298,2299,2301,2302
477	2437,1032,2572,1804,2190,1685,406,1046,1691,2715,1693,417,2338,419,548,1573,1955,937,1321,1325,1070,2733,2734,1970,563,308,1075,1971,185,314,2105,1340,1983,1474,2755,1733,967,1875,1109,2005,2006,2390,345,2521,2778,2141,1889,1507,612,2019,2278,1511,2661,2664,508,366,2159,1649,114,242,886,2550,2300,1662,2559
594	52,59,85,101,191,239,244,266,272,280,318,334,502,547,649,677,683,712,741,846,849,872,892,950,1043,1131,1140,1176,1253,1255,1298,1510,1514,1578,1600,1670,1708,1758,1791,1808,1820,1849,1965,2103,2359,2384,2388,2394,2469,2502,2529,2586,2591,2635,2661,2668,2700,2735,2743,2755,2814,2824,2834,2845,2849,2850,2851,2852,2853,2854,2855
866	1537,1411,1415,136,1416,1417,398,1424,1937,915,1555,1173,1429,1939,2838,2842,1435,1440,1696,1443,1444,1445,1448,1066,300,1455,1712,433,1715,185,1465,1595,2874,1725,2875,1471,1727,1090,67,1475,1731,1479,2119,2504,2634,75,203,205,206,2123,2760,2765,1363,212,1367,1368,1499,221,1123,2406,2409,2157,1902,2030,1904,2158,1906,1395,2034,2037,1398,2673,1656,1402,1404,1405
884	25,28,57,79,175,179,180,198,221,238,266,296,310,331,461,473,475,580,589,645,655,725,842,855,877,900,1052,1076,1089,1094,1097,1168,1178,1225,1303,1515,1528,1547,1572,1644,1672,1689,1697,1704,1709,1777,1839,1887,1895,1930,1931,1972,1977,2005,2155,2162,2167,2172,2181,2182,2241,2246,2269,2282,2362,2427,2473,2493,2533,2546,2547,2584,2587,2603,2629,2644,2675,2717,2721,2723,2724,2727,2729,2731,2736,2737,2738,2739,2740,2741,2749,2752,2882,2889,2901,2903,2917,2922
1089	2181,2694,2696,1170,2582,1303,1175,2585,25,2717,2718,1950,2720,1697,2721,414,2719,2722,2723,2724,1704,2473,2725,2727,2728,1709,174,2606,2729,2609,1842,2730,52,2731,2732,2733,2736,57,2737,2738,2748,2749,2741,2742,64,1985,2745,2627,1348,2628,198,2750,1742,2644,2739,1750,855,473,2740,2521,1885,2269,2743,2546,2547,2674,1270,2746,2427,2172,2747,2174
1141	2181,2694,2696,1170,2582,1303,1175,2585,25,2717,2718,1950,2720,1697,2721,414,2719,2722,2723,2724,1704,2473,2725,2727,2728,1709,174,2606,2729,2609,1842,2730,2731,2732,2733,2736,2737,57,2738,2739,2748,2749,2741,2742,64,1985,2745,2627,1348,2628,198,2750,1742,2644,1750,855,473,2740,2521,1885,2269,2546,2547,2674,1270,2746,2427,2172,2747,2174
1431	770,3,1926,2569,2570,2571,2572,909,2573,2574,2575,1553,914,1943,1048,2457,153,27,1531,797,2465,1315,2467,2086,297,555,1580,1326,1711,1328,435,564,1331,1207,952,2492,195,835,1220,1347,2501,2120,1353,1098,1994,2250,2377,1230,211,1235,1237,726,1878,2009,220,2271,2274,874,2283,2285,367,754,371,1268,1653,2291,2292,2296,505,2299,764,893,2302
1593	2,3,69,95,132,185,193,201,203,205,210,212,216,217,220,221,235,253,297,353,395,398,399,433,436,438,447,454,500,545,552,640,775,838,1161,1219,1279,1365,1374,1376,1378,1388,1408,1413,1414,1427,1431,1438,1441,1456,1467,1479,1486,1551,1558,1591,1592,1593,1635,1636,1638,1696,1710,1719,1901,1904,1905,1912,1918,1924,1926,1992,2032,2037,2043,2087,2122,2127,2147,2148,2150,2151,2156,2160,2344,2410,2412,2413,2499,2503,2581,2633,2673,2818,2838
1656	2,3,1551,2581,1558,545,2087,552,1591,1592,1593,69,2633,2122,2127,95,1635,1636,2147,1638,2148,2150,2151,2156,2160,2673,640,132,1161,1696,1710,1719,185,193,1219,201,203,205,210,212,216,217,220,235,253,1279,2818,775,2838,2344,297,838,1365,1374,1376,353,1378,2410,1388,1901,2412,2413,1904,1905,1912,1918,1408,1924,1413,1414,1926,1417,395,398,399,1427,1431,1438,1441,1456,433,436,438,1467,447,2499,454,1479,1992,2503,1486,2032,500,2037,2043