1257	0,513,4,12,13,526,21,535,540,541,544,41,42,43,553,47,50,55,58,59,61,63,576,68,585,587,84,86,599,93,605,617,619,108,620,621,114,118,631,120,124,129,641,644,143,144,659,660,150,664,670,681,683,176,693,183,196,197,708,710,711,715,720,209,214,220,221,737,740,231,745,746,747,748,750,243,245,757,247,250,253,770,772,266,267,780,270,785,275,789,795,797,290,803,806,295,300,814,304,306,307,310,311,312,822,829,322,324,327,329,331,843,845,846,847,849,344,346,349,866,867,359,362,874,369,881,372,885,886,888,377,378,891,895,386,388,900,393,906,396,915,404,405,920,921,415,424,428,942,434,436,449,451,452,454,456,458,471,473,478,483,486,492,494,495,496,505
1419	0,513,641,6,647,520,649,263,392,393,13,653,527,912,275,660,21,534,150,282,795,540,157,797,415,544,290,294,298,43,300,428,302,177,310,822,58,59,314,193,449,326,839,456,714,715,333,846,335,605,93,94,221,349,98,483,360,748,492,750,494,505,882,243,756,757,372,631,889,378,891,124,895
785	0,513,4,13,526,21,535,540,541,544,41,42,43,553,47,50,55,58,59,61,63,576,68,585,587,84,86,599,605,617,619,108,620,621,114,118,631,120,124,129,641,644,647,143,144,660,150,664,670,681,683,176,177,693,183,196,197,708,710,711,715,720,209,214,220,221,737,740,231,745,746,747,748,750,243,245,757,247,250,253,770,772,266,267,780,270,785,795,797,290,803,806,295,300,302,814,304,306,307,310,311,312,822,829,322,324,327,329,331,843,846,847,849,344,345,346,349,866,867,359,362,874,879,369,881,372,885,886,888,377,378,891,895,386,388,900,391,392,393,906,396,915,405,920,921,415,424,942,436,449,451,452,454,456,458,471,473,478,483,486,492,494,495,496,505
1077	513,129,642,388,262,393,17,785,532,150,535,406,285,415,291,294,297,43,302,306,310,183,312,313,188,63,576,449,69,199,456,329,715,591,209,467,342,471,346,605,93,863,96,229,617,746,377,494,881,116,502,889,507
62	386,5,6,263,390,13,653,147,660,21,534,150,536,915,282,406,157,415,290,292,804,294,40,296,298,43,560,177,822,58,314,61,63,193,197,326,839,456,715,333,591,338,468,853,98,362,882,243,372,757,248,765,127
1319	0,6,15,17,20,22,23,537,547,550,552,42,48,560,565,58,61,63,71,591,592,91,93,605,95,607,98,108,621,628,117,137,143,662,663,173,177,187,193,200,212,213,215,221,231,232,746,750,757,248,249,762,763,263,266,268,275,290,291,292,804,294,295,296,805,302,822,322,327,839,333,338,853,342,344,351,863,869,360,879,373,885,888,377,378,891,384,388,405,406,415,928,931,420,424,428,429,942,436,456,467,473,479,492,496,498,499
1612	0,513,4,12,13,526,21,535,540,541,544,41,42,43,553,47,50,55,58,59,61,63,576,68,585,587,84,86,599,93,605,617,619,108,620,621,114,118,631,120,124,129,641,644,647,143,144,659,660,150,664,670,681,683,176,177,693,183,196,197,708,710,711,715,720,209,214,220,221,737,740,231,745,746,747,748,750,243,245,757,247,250,253,770,772,266,267,780,270,785,275,789,795,797,290,803,806,295,300,302,814,304,306,307,310,311,312,822,829,322,324,327,329,331,843,845,846,847,849,344,345,346,349,866,867,359,362,874,879,369,881,372,885,886,888,377,378,891,895,386,388,900,391,392,393,906,396,915,404,405,920,921,415,424,428,942,434,436,449,451,452,454,456,458,471,473,478,483,486,492,494,495,496,505
1509	0,5,6,13,526,15,17,23,537,27,541,547,550,42,48,560,565,58,63,71,591,89,91,93,98,108,621,114,628,137,143,662,663,173,177,193,709,200,212,213,215,220,221,746,757,248,249,762,263,266,275,290,292,804,805,296,307,822,314,830,832,837,327,843,333,338,853,341,342,344,351,863,869,360,362,879,882,373,885,888,377,378,891,396,405,415,928,420,932,424,428,429,942,436,452,456,457,467,471,473,479,496,498
1545	0,6,15,17,20,22,23,537,547,550,552,42,48,560,565,58,61,63,71,591,592,91,93,605,95,607,98,108,621,628,117,137,143,662,663,173,177,187,193,200,212,213,215,221,231,232,746,750,757,248,249,762,763,263,266,268,275,290,291,292,804,294,295,296,805,302,822,322,327,839,333,338,853,342,344,351,863,869,360,879,373,885,888,377,378,891,384,388,405,406,415,928,931,420,424,428,429,942,436,456,467,473,479,492,496,498,499
1373	0,513,641,6,647,520,649,263,392,393,13,653,527,912,275,660,21,534,150,282,795,540,157,797,415,544,290,294,298,43,300,428,302,177,310,822,58,59,314,193,449,326,839,456,714,715,333,846,335,605,93,94,221,349,98,483,360,748,492,750,494,505,882,243,756,757,372,631,889,378,891,124,895
690	0,6,15,41,58,59,63,69,93,94,129,150,177,199,221,248,291,310,338,342,373,386,393,397,449,454,456,471,483,487,505,513,535,550,642,647,652,660,715,726,803,806,814,845,849,863,881,885,896