8390
5591
7125
7402
770
2927
7968
2961
9432
5059
11287
3501
7913
10983
11140
11355
2349
4938
2261
10778
9597
2632
5287
10753
3683
3842
5303
5484
7579
10032
9392
8093
10720
2564
3896
7769
11429
117
6095
825
4589
7054
11125
4191
1272
4895
5383
5939
5618
3761
9601
241
232
3460
3164
3282
2689
10737
4719
11466
4998
3066
5050
247
9922
10054
8870
7900
5923
651
9991
5478
10043
9306
859
7344
7750
8258
5252
10768
11097
10698
5495
6100
529
8216
1379
7978
11257
8190
2212
3760
6617
6221
5230
735
848
4724
6023
9757
6222
9465
9349
11494
5711
3088
9554
6891
2621
5871
9284
8900
4322
9754
10647
8898
11314
9553
2660
69
5221
7302
5919
2728
4888
934
5412
246
876
1398
11053
2012
2522
1710
10025
10429
11364
10895
9029
10859
3284
4126
336
5920
9872
6924
991
2051
5253
10360
5082
1443
530
2644
7818
6956
2453
808
7734
1185
5807
4171
11383
9904
988
5165
95
8018
8726
2298
1062
6687
10776
9971
5631
1546
5410
7850
8993
3312
2345
5529
10674
794
2452
1086
11047
4409
597
10738
2503
2036
5984
1325
2846
9509
8000
128
10658
10261
4817
9712
5150
8769
8899
1108
6539
8721
2783
108
6462
1094
5351
10851
7510
6651
7632
2441
10898
2493
489
908
9429
9133
1684
4542
7416
6852
10568
2085
3650
5661
1369
10320
5968
1128
6223
6167
11149
11030
3358
7485
3796
6591
3258
6420
6960
2235
7516
3641
8792
6758
5818
105
6553
277
3768
11049
8680
2463
2204
11375
1071
7354
2693
4137
6862
3327
4586
1606
10966
7142
8810
330
9748
9741
6200
3675
9388
3854
2211
3230
188
10115
9557
1661
291
4870
11156
6718
2798
4362
1467
3574
5563
3492
10624
10639
6594
10972
4167
3670
8872
6675
6269
5015
3866
6659
8371
9413
7529
10171
9019
2262
2725
11308
178
7801
7721
1238
6666
3450
10579
4392
4197
4674
11000
4413
4061
5003
10456
11060
3903
5013
1868
426
9062
1754
4590
10809
7456
1373
9162
1903
7580
9740
3106
6055
2758
3598
6899
3807
5017
8208
6634
4591
4592
6317
736
828
5812
2831
5624
2710
8964
1809
66
2513
8005
1900
10029
6133
10545
8342
8946
7278
1832
8929
231
9885
8344
4000
1063
4027
5592
14
4143
2237
6987
5414
1958
1293
4827
8051
3624
550
1012
11448
7937
5767
2400
6113
3089
1963
2820
2887
2907
6897
4703
9137
8450
1882
3355
5475
9225
11177
7382
718
4652
8570
5756
8004
1845
10856
6202
739
7997
3283
6597
6367
804
1114
11436
5154
10775
9692
1986
6461
5998
2175
8068
5856
9065
7019
4750
3770
9673
2226
2442
9059
9661
1798
870
2416
1617
228
7285
8458
10046
4931
7964
3987
1944
293
1728
4640
6464
4183
6379
10400
4223
10334
5101
1186
4893
4326
7131
6624
159
5036
5141
9775
8298
2502
8645
5628
3592
7847
2033
11370
11400
11022
11327
5758
6323
7063
5246
1865
2122
2229
2956
8053
9526
5808
4492
1696
10253
10777
6260
3645
679
2411
2171
946
3398
10109
2505
11147
10148
9002
5166
4358
9720
11342
10051
9417
9789
8008
5836
1508
11200
376
1604
10450
8743
9641
11432
6581
5723
5153
5433
7145
8799
5077
733
2622
9433
2993
3141
4664
11218
1221
9992
8054
140
7614
826
6934
6447
1416
899
4837
1956
10681
2044
10608
295
572
3861
6256
4864
3782
11107
8296
2602
1776
5133
6529
3504
9588
369
2663
6690
191
2518
2435
7902
5465
7646
5864
6930
3549
9494
3133
2854
6577
8576
4310
8285
6211
8398
7787
8164
10175
2934
2238
7892
2611
3841
8646
4371
3185
3794
5404
3336
1370
7422
9506
7197
2822
7752
8877
973
9783
9307
3499
1377
4227
6993
1602
10830
3743
318
443
10324
7806
11333
10009
10102
7453
9233
1564
6537
10268
2244
4297
3647
6038
562
7810
8939
3538
2389
272
11242
11363
11256
2543
300
10342
6303
7364
3271
5420
8786
2043
4550
6922
9195
4325
8805
8078
4795
7179
5585
5222
11041
5390
839
4503
8338
5031
917
2219
956
9556
8096
7741
9848
3032
10684
326
616
1039
10417
7386
8394
2737
2884
4729
2214
4269
9040
5681
2009
10486
4142
4957
4744
10155
7391
1895
6741
11160
9202
11153
6007
5809
2641
7172
5795
3121
5239
4131
7765
10733
3416
11005
5130
1231
6613
6454
9497
2659
4215
614
6387
2468
11066
9267
1455
10329
11302
8880
9714
2613
10027
8455
4231
3403
2273
1395
7717
7079
4691
545
9727
2048
11318
9022
9610
8557
9765
3615
3775
2872
6981
11176
5360
6310
10989
10381
1774
2371
11387
4481
3333
9495
5127
4985
2591
1027
4290
11226
10920
6887
8781
8417
3820
3334
4387
7569
5098
184
700
10919
6489
11192
3686
9997
3364
488
3672
2542
392
1603
11274
631
981
6548
8312
6016
239
9999
342
4328
5634
2319
8063
4905
2979
9044
9096
1095
6858
6482
7290
4940
10585
2461
6677
922
6234
9282
6519
10828
3984
1190
6010
10820
9393
3930
9721
1687
3797
1582
9150
7299
2042
10010
464
2340
977
1977
4667
203
7212
6435
1535
7548
3502
11441
10340
1117
10382
4164
7830
2234
56
1637
8997
3115
3707
531
7747
1972
7267
7269
9171
8403
6003
11021
10418
4736
9280
11288
6427
3902
465
4966
10042
1164
11457
7727
8567
11367
8540
7191
3559
4999
104
8558
3884
3892
11175
10440
8610
3167
8034
6153
2579
10039
10157
1638
9064
11258
6500
5227
8623
9615
6012
1026
3915
2053
3730
1685
3339
5086
9205
7746
1591
9923
5707
6288
5148
6791
6388
2313
8247
4861
4518
10878
5688
3157
1971
9907
6681
3490
8729
11372
2334
6936
11501
11484
6474
7636
5096
499
377
8813
742
1826
3495
3998
8206
3949
1761
9910
5106
5282
989
2519
7242
11096
6879
2259
3317
7132
8740
6684
3916
3551
9598
10096
5262
7153
7675
2297
3599
788
5337
687
9379
2305
2110
5941
873
3809
7971
4798
5192
4119
4236
4035
3210
5203
985
10064
11099
8350
346
9067
4843
7674
10709
8947
1249
10913
11434
832
2360
9138
4616
10842
3879
10985
7258
7356
1188
6749
4029
8585
4285
10098
4543
364
9100
1647
7749
8318
7008
5869
4475
2706
365
7706
1905
5178
1204
2476
6853
2626
1009
8097
3603
6334
9347
8763
4568
10912
9762
10301
9753
1380
2426
9098
5104
10566
9222
349
8955
7341
3140
7506
7611
9503
3514
312
311
10350
7010
3870
8677
9123
1999
5564
8415
5527
11472
855
6069
3136
8081
10974
9604
6655
1292
9468
2946
1286
8228
3588
11080
6477
6570
857
8494
4381
6325
4304
6688
1513
1945
6230
9412
2599
10105
6671
8297
7992
182
611
4780
3005
10304
10950
7654
10433
3900
142
11379
4541
4988
4841
5900
1313
9396
3425
9878
8062
6757
10932
7342
9250
7205
9817
2774
27
10499
6404
10554
7767
6637
6441
6440
6293
6784
6754
6352
6350
6762
6764
6342
6771
6778
6779
6781
6331
6785
6692
6328
6324
6792
6322
6795
6321
6314
6309
6804
6302
6301
6752
6361
6362
6363
6432
6702
6423
6422
6706
6708
6712
6716
6410
6397
6394
6393
6730
6731
6732
6734
6384
6377
6374
6368
6365
6746
6364
6006
6005
6004
5685
7253
7257
7259
5713
5712
7262
5708
5699
7275
5695
7279
5684
5662
7286
7287
7288
5680
5679
5676
7293
5674
5670
5668
5667
7250
7249
7247
7246
7209
5775
5774
5770
5769
5759
5753
5750
7223
5746
5745
7228
7229
5739
7232
5738
5734
5732
5731
7239
5726
5719
7243
5663
7307
5997
7380
5611
5598
5596
7367
5593
5589
5583
5579
5576
5575
7379
7381
5658
5573
5570
5567
7388
5558
5557
5556
5555
5552
7396
7398
5614
5615
7353
5621
5654
7315
7316
5652
5651
7321
5649
7323
5648
5647
5646
5643
7328
7329
7331
5638
7333
7334
5636
5632
7343
7346
7347
5776
7204
7202
7098
5943
7081
7084
7085
7086
5938
7089
5932
5931
5930
5928
7100
7201
5924
5921
7104
7105
5917
5916
5912
5909
5906
5902
7117
5950
7075
7073
5954
7025
7032
7035
5985
7037
7038
7039
5981
7042
5979
5977
5975
5974
7049
7055
5967
5961
7065
7066
7067
7068
5955
7071
5896
5895
7123
7159
7163
7166
7167
7168
7169
7170
7171
7175
7176
5827
5823
5821
5820
7181
5813
5799
5798
7188
7189
5796
5787
5786
5783
7160
5841
5892
5842
5891
7126
7127
5889
7129
7130
5884
5878
5874
5872
7141
5863
7143
7144
5861
5860
5858
5853
7149
5852
7154
7155
7156
4524
8191
2347
9237
9221
3098
3096
3093
3092
9227
3091
9230
3085
3079
9235
3075
9262
3074
3073
3070
9245
9248
3060
3059
3058
3054
9257
9259
3101
9218
9215
3102
9174
9175
3188
3178
3176
9184
9185
3171
3169
3168
3165
9191
3160
3156
3144
3142
3138
3131
3130
3128
9207
3112
3108
9260
9263
3192
9338
9324
2959
2955
2953
9328
2952
2951
2949
9333
9335
2943
9339
9265
2940
2936
2933
9343
2924
2923
2920
2917
2912
2911
2910
2960
9321
2965
2966
3051
3045
9268
9269
3035
3022
3019
9285
3017
9288
9294
9296
3008
9299
9300
9301
3003
9304
9305
2998
2984
9311
2975
9173
9167
2906
9024
3410
9009
9011
9012
3407
9014
3406
3402
3395
3385
9023
9032
9056
3374
9035
3373
3366
9042
3357
9047
9050
3354
3351
3350
3411
9004
9003
3412
3452
3445
8970
8971
8974
3442
8976
8977
3438
8980
8981
3436
8985
8986
8988
8990
3429
8994
8995
3423
8998
3414
9001
3341
3337
3202
3233
3265
3263
3260
9118
9120
3250
3245
3244
3236
3235
3234
3226
3335
3225
3224
9142
9143
3223
3219
9149
3217
9153
3211
3206
3268
3270
9108
9107
3332
3331
9063
3321
3320
3316
6601
3311
9071
9073
9075
3302
3298
9082
9084
9086
3296
9093
9095
3285
9097
3276
9104
2908
2905
8192
9666
2529
2527
9652
2512
2511
2508
2496
2494
9662
2489
2488
9668
9693
2480
9677
2469
2467
9681
9682
9683
2460
2459
9687
2456
2535
2540
2546
2554
2618
2616
2614
2609
2605
2604
9599
9600
2603
2597
2595
2592
2589
2583
2577
2569
9624
9627
9628
2566
2561
9633
2555
2455
2450
9586
2368
9734
9735
2388
2387
2385
2382
2380
9751
2375
2374
2372
2364
9695
2363
2362
9764
2359
9767
9770
2355
2354
9773
9774
2348
9733
2394
9726
9725
2448
9697
2447
2443
9700
2439
9703
2436
9707
2432
9710
9711
2421
2413
2412
2409
2408
9718
2405
2401
9722
9723
2399
2619
9585
9363
2786
9424
2824
2816
9431
2808
2806
9437
9439
9440
9445
2787
2785
9480
9455
2781
9458
2778
2773
2771
2763
9471
9472
9474
9475
2829
2836
9414
9410
2900
9368
9373
2891
9378
2881
2877
2873
2871
9387
2870
9389
2867
2865
9395
9397
9399
2856
2853
2852
2851
9407
9409
9476
9482
9583
2666
9532
9533
9534
2699
9544
2680
2679
2673
2671
2669
2668
9560
2755
9561
2661
2655
2650
2645
9573
2642
2634
2631
2630
2625
2700
2709
2711
2713
2754
2750
9490
9492
2748
2747
9496
2741
9498
2740
2736
2735
2733
2732
9508
2727
2719
9515
9518
9519
2717
9521
2714
8963
3456
8960
8466
8445
8446
4166
4165
4163
4162
4161
8456
4141
4135
4132
4129
8486
4128
4127
8471
8473
4121
4116
4115
4112
8480
4109
4102
4179
8432
4187
4188
4237
4234
8393
4233
4226
8399
4222
4219
8404
4217
4213
8407
8409
4211
4205
4202
8416
8419
4198
4194
8424
8425
8428
4095
4093
8388
8563
8545
8546
4019
8550
8551
8552
8554
4016
4014
4012
4007
4006
4085
8565
8566
4001
3999
3989
3979
3975
3974
3973
3971
8593
8544
4021
4022
4028
8497
4075
4073
4071
4068
4064
8510
4059
4057
4056
4055
4046
4045
4044
4042
8524
4041
8526
4038
8531
4034
4033
4032
4244
4245
8959
8267
4440
8255
4437
4436
8259
8260
8261
8263
4435
8265
4434
4433
8287
8269
4429
4427
8275
8276
8277
8278
4424
8282
8283
4421
4441
8248
8245
8243
4505
8199
8203
8204
8205
4491
4490
4488
4487
8213
4485
8217
8221
8222
8224
4471
4469
4463
8236
4458
4457
4454
4453
4419
4417
4247
4291
4302
8347
4300
4299
8351
4296
8353
4295
8355
8357
4293
4287
8290
4282
4281
4276
4266
4265
4262
8375
8377
4259
4250
8384
4306
4307
4317
8337
4411
8292
4408
4400
8299
4396
4391
4389
4379
4373
8315
4369
4366
4365
4363
4357
8321
8323
4348
4343
4336
4331
4327
8594
3965
8599
8838
3667
3664
8826
3661
3659
8830
3648
3646
8834
3643
3642
3634
3607
8842
3630
8844
3629
3623
3622
8855
8857
8858
3614
3613
8821
8820
3673
3674
8777
3736
3734
8780
3726
8787
3711
3708
3705
8796
8798
8801
8803
3696
3690
3688
8808
8809
3685
3681
3678
3677
3676
3612
3604
8600
8938
3534
8920
8923
3526
3520
3516
3513
8930
3512
3509
8937
3496
3602
3489
8942
3487
3485
3484
3479
3478
8949
3463
8957
3457
3540
8913
3541
8911
3596
3593
8873
3591
3589
3586
3585
3577
8884
3576
8886
8887
3573
8891
3569
3568
8896
3558
8901
8904
3552
3550
8908
3741
3747
8768
3880
3891
3890
8652
8654
8655
3888
8657
3887
8659
8661
8662
3875
8767
3873
3869
8673
3865
3860
3857
3852
3851
3850
3846
8686
3898
3899
3909
3912
3959
8604
3956
3953
3944
8613
3940
3939
8617
3935
8622
3928
3927
3925
8630
3923
8632
8633
3921
3920
3917
8639
8641
8688
3843
8694
3788
3786
8737
3784
8741
3781
3773
8745
3765
8750
3762
3759
3758
8755
8756
8757
8758
3756
3755
8761
3754
3753
8765
8766
8733
3791
3836
8728
8697
8698
3834
3831
8702
8703
3829
3826
8707
8708
8709
3825
8712
8715
8716
8718
8719
3815
8723
3805
8725
3804
3793
11536
