8390	241
5591	7913
7125	9497
7402	2621
770	6651
2927	1604
7968	5591
2961	11140
9432	6310
5059	2621
11287	2349
3501	5592
7913	3088
10983	6500
11140	4938
11355	6922
2349	10624
4938	10054
2261	11200
10778	4413
9597	241
2632	2442
5287	5591
10753	5591
3683	7516
3842	3760
5303	5287
5484	9526
7579	5221
10032	3355
9392	1272
8093	3672
10720	11342
2564	11257
3896	11156
7769	8004
11429	2493
117	9065
6095	7717
825	11375
4589	3355
7054	5767
11125	10658
4191	8062
1272	8450
4895	7632
5383	7402
5939	8093
5618	4481
3761	8342
9601	917
241	7212
232	11355
3460	7747
3164	2758
3282	6675
2689	988
10737	10115
4719	6222
11466	10809
4998	6055
3066	3460
5050	9284
247	2468
9922	3707
10054	5688
8870	6862
7900	4586
5923	9904
651	6718
9991	7510
5478	330
10043	9597
9306	5871
859	733
7344	10983
7750	11060
8258	8415
5252	11149
10768	6651
11097	11053
10698	3916
5495	770
6100	7968
529	8792
8216	231
1379	10025
7978	10737
11257	6153
8190	4119
2212	3879
3760	1774
6617	4492
6221	5484
5230	4035
735	3501
848	5106
4724	4837
6023	2298
9757	6651
6222	239
9465	8342
9349	4795
11494	11049
5711	3903
3088	11140
9554	7019
6891	7125
2621	11005
5871	7402
9284	7191
8900	10175
4322	2927
9754	10253
10647	770
8898	7302
11314	2360
9553	6617
2660	3490
69	9002
5221	8929
7302	95
5919	4197
2728	11355
4888	5221
934	3841
5412	2053
246	2435
876	6420
1398	1564
11053	4387
2012	2632
2522	794
1710	2349
10025	1272
10429	2012
11364	10898
10895	2400
9029	1272
10859	8997
3284	9597
4126	917
336	1086
5920	1272
9872	346
6924	7242
991	3066
2051	7937
5253	2693
10360	2522
5082	2993
1443	10777
530	9233
2644	5563
7818	10350
6956	10842
2453	4589
808	3398
7734	1798
1185	1687
5807	7456
4171	11257
11383	10360
9904	3896
988	9741
5165	2822
95	1684
8018	7579
8726	1071
2298	10360
1062	5939
6687	9123
10776	10895
9971	5795
5631	10647
1546	9432
5410	1809
7850	2798
8993	9225
3312	11429
2345	7125
5529	8450
10674	10778
794	977
2452	5303
1086	3136
11047	2641
4409	7968
597	11140
10738	1958
2503	9465
2036	4674
5984	8093
1325	8813
2846	11364
9509	770
8000	1185
128	550
10658	2632
10261	2599
4817	832
9712	7579
5150	9347
8769	6012
8899	6613
1108	2053
6539	2452
8721	5591
2783	4817
108	7456
6462	7344
1094	5900
5351	6858
10851	1009
7510	8051
6651	4191
7632	5711
2441	4724
10898	6634
2493	3672
489	3327
908	1754
9429	11022
9133	4724
1684	9392
4542	7750
7416	3761
6852	6741
10568	2887
2085	5222
3650	3896
5661	10778
1369	1903
10320	6577
5968	9714
1128	1958
6223	5564
6167	8403
11149	10809
11030	291
3358	3282
7485	9306
3796	9284
6591	10966
3258	9306
6420	4592
6960	11000
2235	8344
7516	11060
3641	3598
8792	1238
6758	3164
5818	5856
105	2644
6553	7142
277	3164
3768	10639
11049	2009
8680	7900
2463	3884
2204	7727
11375	7125
1071	105
7354	10776
2693	5618
4137	3707
6862	531
3327	5059
4586	9388
1606	11327
10966	10054
7142	9526
8810	95
330	10859
9748	5591
9741	2442
6200	7416
3675	4895
9388	11327
3854	2043
2211	5412
3230	10032
188	5221
10115	1986
9557	5003
1661	9789
291	10778
4870	5591
11156	5337
6718	3230
2798	700
4362	3283
1467	3686
3574	10698
5563	10768
3492	5818
10624	364
10639	5618
6594	9195
10972	8494
4167	5767
3670	9748
8872	9601
6675	10966
6269	10720
5015	8258
3866	11041
6659	4938
8371	6317
9413	9133
7529	3686
10171	232
9019	8898
2262	11153
2725	10340
11308	5869
178	336
7801	11066
7721	1063
1238	11125
6666	9923
3450	11049
10579	4171
4392	8557
4197	8004
4674	3284
11000	2907
4413	9250
4061	1868
5003	11099
10456	6675
11060	1443
3903	2204
5013	825
1868	5221
426	8004
9062	4304
1754	2349
4590	718
10809	6462
7456	11156
1373	7344
9162	5871
1903	8398
7580	6454
9740	2426
3106	336
6055	8955
2758	11466
3598	8008
6899	8898
3807	5077
5017	3271
8208	1868
6634	2261
4591	4126
4592	3624
6317	3460
736	11066
828	9554
5812	9783
2831	8390
5624	241
2710	8799
8964	8208
1809	5412
66	1647
2513	4744
8005	5003
1900	6100
10029	3647
6133	2400
10545	7913
8342	9432
8946	8208
7278	2122
1832	2212
8929	5628
231	2961
9885	9789
8344	2728
4000	3896
1063	3282
4027	3884
5592	9388
14	11288
4143	908
2237	1956
6987	4197
5414	4817
1958	4999
1293	7913
4827	10851
8051	4191
3624	2463
550	6387
1012	7242
11448	4326
7937	4895
5767	8680
2400	2416
6113	4215
3089	2961
1963	6687
2820	9727
2887	8792
2907	11429
6897	2441
4703	1617
9137	4542
8450	6852
1882	7913
3355	742
5475	5383
9225	8258
11177	11287
7382	9123
718	529
4652	4387
8570	2461
5756	4589
8004	6879
1845	11288
10856	2543
6202	3854
739	11287
7997	2493
3283	6221
6597	11030
6367	10456
804	10972
1114	7125
11436	7402
5154	1398
10775	10647
9692	2411
1986	2305
6461	8190
5998	8799
2175	178
8068	5059
5856	5303
9065	11156
7019	2036
4750	27
3770	8769
9673	9601
2226	1373
2442	5585
9059	3896
9661	9923
1798	10054
870	7516
2416	11429
1617	8721
228	7019
7285	2261
8458	4542
10046	2261
4931	6454
7964	2927
3987	5618
1944	6537
293	326
1728	1238
4640	4744
6464	336
4183	2036
6379	876
10400	804
4223	7485
10334	9040
5101	11053
1186	11355
4893	11484
4326	7752
7131	178
6624	6539
159	9413
5036	6613
5141	291
9775	1798
8298	3841
2502	2961
8645	5433
5628	6651
3592	6223
7847	10554
2033	5130
11370	5246
11400	10566
11022	2503
11327	5082
5758	7850
6323	11314
7063	9284
5246	10554
1865	6325
2122	2831
2229	10681
2956	10698
8053	7937
9526	917
5808	2235
4492	5495
1696	2564
10253	1882
10777	7978
6260	66
3645	10175
679	8371
2411	1369
2171	6936
946	3167
3398	7675
10109	614
2505	3670
11147	2212
10148	489
9002	9465
5166	7516
4358	2463
9720	11308
11342	794
10051	2452
9417	11049
9789	1128
8008	1455
5836	9064
1508	5227
11200	4893
376	1325
1604	326
10450	11333
8743	10698
9641	6461
11432	7416
6581	66
5723	9910
5153	9393
5433	2214
7145	11387
8799	8068
5077	4719
733	10859
2622	3364
9433	5130
2993	1108
3141	10585
4664	9598
11218	8285
1221	6427
9992	300
8054	6023
140	9783
7614	11494
826	8318
6934	5923
6447	10102
1416	7750
899	859
4837	10698
1956	10753
10681	9205
2044	11053
10608	5404
295	11097
572	6095
3861	5059
6256	832
4864	10898
3782	232
11107	8390
8296	6591
2602	1604
1776	14
5133	3327
6529	10753
3504	10032
9588	11355
369	11107
2663	11160
6690	4362
191	3312
2518	11080
2435	5563
7902	5495
5465	203
7646	8344
5864	9509
6930	300
3549	3794
9494	9641
3133	11287
2854	8093
6577	2660
8576	10851
4310	5154
8285	5527
6211	5433
8398	9557
7787	10674
8164	10568
10175	3271
2934	2564
2238	3230
7892	3916
2611	9497
3841	4371
8646	6930
4371	7569
3185	2237
3794	3005
5404	3768
3336	5433
1370	11049
7422	5287
9506	5529
7197	3514
2822	5101
7752	6956
8877	8258
973	3896
9783	10720
9307	7125
3499	9753
1377	2927
4227	6095
6993	6690
1602	7964
10830	364
3743	11149
318	8786
443	10320
10324	6153
7806	9553
11333	10102
10009	10920
10102	5984
7453	9503
9233	5563
1564	117
6537	3258
10268	4719
2244	6591
4297	6791
3647	10912
6038	1186
562	4674
7810	7142
8939	3615
3538	5153
2389	7125
272	700
11242	2238
11363	10983
11256	4164
2543	10820
300	2340
10342	8898
6303	5465
7364	1685
3271	9349
5420	464
8786	5478
2043	6634
4550	2211
6922	10828
9195	6581
4325	8576
8805	6023
8078	5871
4795	3312
7179	7810
5585	7054
5222	6260
11041	7010
5390	9692
839	7706
4503	10334
8338	2171
5031	7342
917	8371
2219	11022
956	4589
9556	9641
8096	8540
7741	10989
9848	8900
3032	6379
10684	11147
326	10043
616	10261
1039	8955
10417	11308
7386	10554
8394	5059
2737	5252
2884	742
4729	1272
2214	10064
4269	4640
9040	326
5681	4861
2009	6477
10486	10895
4142	4888
4957	2085
4744	5478
10155	9233
7391	232
1895	8417
6741	10382
11160	1684
9202	2122
11153	2591
6007	2349
5809	9601
2641	1602
7172	11060
5795	7453
3121	651
5239	5036
4131	128
7765	2505
10733	11287
3416	4664
11005	848
5130	1114
1231	1071
6613	5412
6454	10878
9497	3501
2659	2297
4215	2051
614	8645
6387	770
2468	5591
11066	1865
9267	2927
1455	1971
10329	5141
11302	5127
8880	6095
9714	7913
2613	2854
10027	2934
8455	499
4231	7968
3403	10054
2273	6023
1395	7382
7717	5795
7079	3641
4691	8018
545	597
9727	11053
2048	3879
11318	8726
9022	4998
9610	10568
8557	11099
9765	11429
3615	9098
3775	2887
2872	529
6981	8929
11176	2349
5360	3842
6310	5383
10989	2442
10381	10674
1774	5015
2371	9741
11387	4191
4481	11140
3333	10039
9495	828
5127	228
4985	10639
2591	2961
1027	2345
4290	8190
11226	2426
10920	6167
6887	7734
8781	1604
8417	7344
3820	3398
3334	7416
4387	108
7569	3641
5098	489
184	5230
700	9692
10919	11218
6489	2846
11192	10054
3686	1728
9997	182
3364	3088
488	5807
3672	2659
2542	7769
392	9997
1603	5984
11274	7054
631	6477
981	7125
6548	3282
8312	5618
6016	9872
239	11448
9999	4931
342	66
4328	8455
5634	4724
2319	10450
8063	4931
4905	10895
2979	1603
9044	10010
9096	9765
1095	4895
6858	10115
6482	1286
7290	5086
4940	5688
10585	9740
2461	11432
6677	7285
922	4290
6234	108
9282	10972
6519	3796
10828	3683
3984	7416
1190	8769
6010	7892
10820	9991
9393	10009
3930	10859
9721	2993
1687	203
3797	11364
1582	4616
9150	6634
7299	6666
2042	1647
10010	9604
464	2476
2340	5287
977	336
1977	7242
4667	11192
203	2048
7212	839
6435	876
1535	6617
7548	11448
3502	11066
11441	6477
10340	4310
1117	5252
10382	1684
4164	7516
7830	10360
2234	9349
56	10737
1637	2110
8997	11333
3115	11274
3707	3538
531	2493
7747	9432
1972	6420
7267	4589
7269	5591
9171	11355
8403	7510
6003	2518
11021	9923
10418	5871
4736	10115
9280	10157
11288	6256
6427	392
3902	956
465	9872
4966	6617
10042	2493
1164	9597
11457	10768
7727	4362
8567	11156
11367	10329
8540	3903
7191	8450
3559	1535
4999	7516
104	11364
8558	6899
3884	231
3892	5096
11175	5003
10440	3842
8610	550
3167	7302
8034	5404
6153	1868
2579	1754
10039	9306
10157	10809
1638	1564
9064	3403
11258	1190
6500	11257
5227	5563
8623	8018
9615	2632
6012	7801
1026	9162
3915	5592
2053	2758
3730	6167
1685	4227
3339	11099
5086	10775
9205	10775
7746	6420
1591	6420
9923	4817
5707	5812
6288	188
5148	2758
6791	9783
6388	376
2313	934
8247	4197
4861	3796
4518	8792
10878	530
5688	3460
3157	1604
1971	7769
9907	4640
6681	3615
3490	6310
8729	2632
11372	6718
2334	4035
6936	9748
11501	8216
11484	11060
6474	5221
7636	10545
5096	6922
499	3670
377	10010
8813	3501
742	7717
1826	10698
3495	1071
3998	2728
8206	3492
3949	9692
1761	1373
9910	69
5106	4568
5282	7402
989	8258
2519	5013
7242	9432
11096	5252
6879	4409
2259	4744
3317	5165
7132	203
8740	5998
6684	2725
3916	10775
3551	1710
9598	2349
10096	7344
5262	4167
7153	191
7675	5711
2297	1776
3599	9065
788	3842
5337	899
687	5133
9379	241
2305	3089
2110	6758
5941	5968
873	7197
3809	9468
7971	9748
4798	8964
5192	8870
4119	3761
4236	10753
4035	246
3210	10775
5203	6553
985	6960
10064	6379
11099	7892
8350	10753
346	7290
9067	8872
4843	6310
7674	530
10709	5920
8947	8997
1249	545
10913	9002
11434	1832
832	8680
2360	10032
9138	1379
4616	11053
10842	5711
3879	8792
10985	5050
7258	7968
7356	5939
1188	2237
6749	1865
4029	679
8585	1710
4285	5101
10098	4568
4543	5420
364	3549
9100	733
1647	8781
7749	2175
8318	6718
7008	10579
5869	5808
4475	9754
2706	7344
365	2452
7706	859
1905	5404
5178	2237
1204	330
2476	5711
6853	1728
2626	3861
1009	3760
8097	9765
3603	7125
6334	988
9347	4191
8763	5154
4568	4143
10912	3645
9762	5808
10301	8610
9753	184
1380	6924
2426	7354
9098	2212
5104	5624
10566	876
9222	5968
349	5618
8955	651
7341	3312
3140	11153
7506	247
7611	9250
9503	651
3514	651
312	3490
311	11364
10350	8570
7010	7968
3870	7830
8677	1071
9123	3998
1999	3896
5564	10456
8415	3842
5527	11097
11472	3551
855	2229
6069	2411
3136	3140
8081	2345
10974	8610
9604	5900
6655	6367
1292	6404
9468	293
2946	1086
1286	5303
8228	1164
3588	11177
11080	7054
6477	231
6570	247
857	3317
8494	8900
4381	9598
6325	597
4304	4191
6688	2927
1513	8900
1945	7125
6230	1373
9412	2522
2599	5031
10105	4724
6671	8258
8297	2261
7992	2961
182	8964
611	8390
4780	7205
3005	9388
10304	2505
10950	6222
7654	934
10433	9741
3900	5059
142	9396
11379	6334
4541	7354
4988	2122
4841	69
5900	1094
1313	1617
9396	988
3425	3896
9878	10983
8062	7913
6757	9222
10932	6617
7342	3282
9250	6956
7205	6007
9817	2416
2774	5591
27	3121
10499	2632
6404	1591
10554	5133
7767	2226
6637	3902
6441	873
6440	1826
6293	3761
6784	3768
6754	9162
6352	2411
6350	5984
6762	7579
6764	5221
6342	839
6771	3794
6778	11053
6779	2334
6781	2012
6331	826
6785	184
6692	7818
6328	5707
6324	4137
6792	10983
6322	2706
6795	11140
6321	27
6314	4137
6309	5017
6804	7548
6302	2927
6301	4931
6752	631
6361	9601
6362	8296
6363	8344
6432	9757
6702	9692
6423	2349
6422	5154
6706	8870
6708	2854
6712	770
6716	2261
6410	5082
6397	6956
6394	4191
6393	9922
6730	4191
6731	3603
6732	10778
6734	9553
6384	3984
6377	4729
6374	7818
6368	4197
6365	56
6746	10054
6364	1379
6006	8054
6005	7299
6004	2042
5685	3896
7253	8216
7257	4837
7259	9494
5713	7892
5712	7900
7262	5383
5708	770
5699	69
7275	9065
5695	8390
7279	1086
5684	1286
5662	7285
7286	5127
7287	11218
7288	7402
5680	1009
5679	3842
5676	6303
7293	6613
5674	9202
5670	5153
5668	6684
5667	3210
7250	364
7249	4164
7247	9432
7246	1617
7209	7054
5775	9597
5774	11466
5770	9429
5769	1513
5759	8390
5753	9997
5750	8005
7223	4541
5746	11047
5745	9597
7228	8415
7229	8004
5739	6303
7232	9019
5738	11200
5734	8208
5732	7278
5731	2758
7239	2012
5726	6757
5719	11005
7243	1606
5663	5807
7307	8743
5997	10340
7380	3645
5611	794
5598	4664
5596	9065
7367	10820
5593	5050
5589	3066
5583	10647
5579	794
5576	3730
5575	5484
7379	9601
7381	3761
5658	8208
5573	6891
5570	5758
5567	11257
7388	336
5558	899
5557	550
5556	3066
5555	10105
5552	9557
7396	8557
7398	4413
5614	10382
5615	3761
7353	5287
5621	6003
5654	9432
7315	9019
7316	3425
5652	9848
5651	11287
7321	10737
5649	5106
7323	8164
5648	3870
5647	11140
5646	11375
5643	10983
7328	247
7329	4674
7331	392
5638	2505
7333	8390
7334	9553
5636	5082
5632	4269
7343	3164
7346	3768
7347	1958
5776	11125
7204	8810
7202	10983
7098	6899
5943	5412
7081	4841
7084	10382
7085	11226
7086	4841
5938	69
7089	1313
5932	9133
5931	3683
5930	10983
5928	11436
7100	11287
7201	7125
5924	1710
5921	10608
7104	1398
7105	3743
5917	3312
5916	8398
5912	1221
5909	5246
5906	7344
5902	5634
7117	10720
5950	5807
7075	4191
7073	2261
5954	10972
7025	6153
7032	9971
7035	2238
5985	8208
7037	4358
7038	7717
7039	1108
5981	770
7042	6133
5979	11053
5977	6477
5975	5252
5974	1798
7049	9205
7055	9641
5967	10381
5961	550
7065	6852
7066	6474
7067	8247
7068	700
5955	8450
7071	2543
5896	1095
5895	2956
7123	4998
7159	10778
7163	3870
7166	10579
7167	1238
7168	1039
7169	2513
7170	934
7171	5050
7175	10778
7176	9379
5827	6133
5823	8900
5821	6167
5820	9494
7181	5230
5813	4888
5799	1114
5798	9495
7188	7913
7189	10043
5796	9597
5787	988
5786	4061
5783	5230
7160	7632
5841	530
5892	9757
5842	6222
5891	3896
7126	10912
7127	11287
5889	1986
7129	2846
7130	9432
5884	4550
5878	9597
5874	9509
5872	11472
7141	8051
5863	11501
7143	9225
7144	4586
5861	2244
5860	3312
5858	8004
5853	11318
7149	873
5852	7278
7154	6100
7155	6012
7156	5836
4524	8190
8191	8258
2347	5013
9237	2820
9221	1272
3098	2632
3096	10820
3093	11448
3092	5807
9227	7453
3091	247
9230	247
3085	1761
3079	10429
9235	3603
3075	8769
9262	10778
3074	11066
3073	232
3070	10709
9245	9468
9248	6690
3060	3502
3059	11429
3058	2009
3054	11140
9257	247
9259	2244
3101	2927
9218	246
9215	2632
3102	9432
9174	2961
9175	3164
3188	11372
3178	700
3176	6447
9184	10115
9185	3841
3171	5591
3169	9392
3168	4392
3165	7818
9191	1895
3160	6577
3156	9757
3144	10043
3142	1467
3138	9205
3131	8939
3130	2641
3128	10737
9207	7302
3112	5723
3108	3501
9260	231
9263	9137
3192	7054
9338	7125
9324	6852
2959	3796
2955	465
2953	10046
9328	770
2952	545
2951	6404
2949	8799
9333	11494
9335	7382
2943	5246
9339	1617
9265	443
2940	876
2936	5253
2933	1026
9343	7197
2924	7054
2923	10417
2920	7787
2917	9598
2912	9284
2911	934
2910	10720
2960	529
9321	977
2965	9554
2966	6200
3051	9597
3045	10148
9268	1972
9269	3282
3035	300
3022	5303
3019	11466
9285	8208
3017	5165
9288	311
9294	117
9296	8216
3008	1377
9299	10737
9300	7717
9301	3998
3003	1012
9304	8721
9305	6016
2998	10720
2984	5230
9311	3066
2975	530
9173	6200
9167	241
2906	11364
9024	1128
3410	4191
9009	10429
9011	6891
9012	9062
3407	5495
9014	6133
3406	4589
3402	10054
3395	9388
3385	7769
9023	4061
9032	3903
9056	7125
3374	3115
9035	9712
3373	1443
3366	8004
9042	3164
3357	4724
9047	2389
9050	10919
3354	1754
3351	2961
3350	5141
3411	2663
9004	2085
9003	2710
3412	10010
3452	8390
3445	2212
8970	10624
8971	5059
8974	3066
3442	5465
8976	11030
8977	489
3438	7453
8980	10043
8981	1443
3436	6741
8985	4171
8986	7054
8988	2518
8990	1963
3429	3903
8994	3598
8995	2048
3423	9597
8998	6007
3414	4664
9001	6167
3341	4171
3337	6862
3202	489
3233	3768
3265	7344
3263	11256
3260	9554
9118	2036
9120	5230
3250	8880
3245	8455
3244	991
3236	11287
3235	825
3234	7302
3226	10859
3335	3492
3225	11140
3224	4938
9142	3501
9143	8216
3223	4966
3219	5939
9149	8870
3217	611
9153	2660
3211	8093
3206	10778
3268	293
3270	8285
9108	8763
9107	1687
3332	11107
3331	6879
9063	770
3321	2502
3320	9991
3316	3282
6601	2956
3311	3892
9071	3796
9073	6690
9075	3861
3302	7402
3298	9002
9082	376
9084	8390
9086	4542
3296	4938
9093	10856
9095	489
3285	6637
9097	4938
3276	7354
9104	6690
2908	9494
2905	7580
8192	5585
9666	5433
2529	5923
2527	8062
9652	4061
2512	2660
2511	3809
2508	3089
2496	7767
2494	5153
9662	10025
2489	5017
2488	2219
9668	7968
9693	5591
2480	1272
9677	2441
2469	5478
2467	11429
9681	8417
9682	2961
9683	530
2460	7847
2459	9848
9687	10859
2456	6023
2535	11287
2540	6303
2546	11484
2554	6617
2618	10842
2616	4719
2614	11466
2609	191
2605	4640
2604	9765
9599	545
9600	11287
2603	7242
2597	733
2595	4957
2592	318
2589	9597
2583	7125
2577	550
2569	1114
9624	10985
9627	9765
9628	5836
2566	4061
2561	7818
9633	2453
2555	2846
2455	11156
2450	3683
9586	6367
2368	10684
9734	5414
9735	9065
2388	11140
2387	679
2385	6367
2382	2820
2380	10334
9751	5433
2375	10304
2374	9885
2372	3492
2364	597
9695	10698
2363	6113
2362	5050
9764	1313
2359	2663
9767	1696
9770	326
2355	9553
2354	981
9773	9754
9774	3675
2348	2226
9733	8740
2394	6464
9726	9922
9725	11383
2448	7125
9697	5591
2447	7054
2443	2441
9700	6461
2439	4322
9703	8929
2436	735
9707	5923
2432	9388
9710	10738
9711	1062
2421	7978
2413	246
2412	4966
2409	10032
2408	188
9718	9910
2405	11097
2401	2854
9722	6687
9723	3450
2399	8645
2619	8206
9585	3284
9363	11140
2786	7258
9424	247
2824	3761
2816	2349
9431	5203
2808	11099
2806	4269
9437	10859
9439	7636
9440	7402
9445	7402
2787	8870
2785	3683
9480	4322
9455	7978
2781	5592
9458	8081
2778	6687
2773	9601
2771	2961
2763	8743
9471	9757
9472	1293
9474	3686
9475	2758
2829	8093
2836	7402
9414	9468
9410	5410
2900	9432
9368	10054
9373	10778
2891	8394
9378	10698
2881	3355
2877	4664
2873	11149
2871	8458
9387	9601
2870	8792
9389	6519
2867	5591
2865	1249
9395	1238
9397	9885
9399	5015
2856	7125
2853	1094
2852	4817
2851	2783
9407	1602
9409	7611
9476	9597
9482	4736
9583	6489
2666	9429
9532	7968
9533	770
9534	9433
2699	9997
9544	5287
2680	2961
2679	10418
2673	2502
2671	5923
2669	8216
2668	2110
9560	5050
2755	5165
9561	1710
2661	11200
2655	5150
2650	6461
2645	9432
9573	7341
2642	3866
2634	10753
2631	6113
2630	6095
2625	11314
2700	5017
2709	8763
2711	10809
2713	6454
2754	9641
2750	3167
9490	8805
9492	3902
2748	7063
2747	330
9496	11175
2741	465
9498	3141
2740	11049
2736	1272
2735	8646
2733	4780
2732	11156
9508	11308
2727	10983
2719	11140
9515	3282
9518	572
9519	3896
2717	4674
9521	4703
2714	10382
8963	11333
3456	562
8960	11466
8466	651
8445	2632
8446	1809
4166	9349
4165	6427
4163	10720
4162	1604
4161	14
8456	6617
4141	2463
4135	4413
4132	3760
4129	2441
8486	11287
4128	5923
4127	6597
8471	7510
8473	7008
4121	1798
4116	2261
4115	5050
4112	7769
8480	117
4109	2261
4102	10966
4179	7818
8432	6529
4187	3460
4188	2349
4237	11387
4234	5059
8393	9971
4233	5591
4226	3761
8399	9714
4222	4893
4219	6256
8404	6462
4217	5252
4213	828
8407	336
8409	2693
4211	203
4205	10417
4202	2122
8416	8344
8419	8258
4198	6862
4194	10032
8424	10966
8425	8610
8428	159
4095	9388
4093	4061
8388	6887
8563	10983
8545	4231
8546	9388
4019	11226
8550	7453
8551	6960
8552	10737
8554	9554
4016	991
4014	3650
4012	10585
4007	2085
4006	10778
4085	6749
8565	11302
8566	6675
4001	9740
3999	2927
3989	8900
3979	9922
3975	2564
3974	2956
3973	27
3971	6548
8593	4503
8544	1370
4021	6016
4022	10261
4028	6891
8497	4518
4075	3794
4073	2641
4071	4998
4068	899
4064	2907
8510	9597
4059	2542
4057	2051
4056	3760
4055	9280
4046	9727
4045	3339
4044	5836
4042	9848
8524	876
4041	9615
8526	3683
4038	6529
8531	1647
4034	3339
4033	9757
4032	1443
4244	2175
4245	10681
8959	10261
8267	5050
4440	5031
8255	794
4437	3896
4436	8792
8259	2737
8260	1467
8261	7818
8263	4691
4435	11441
8265	5939
4434	1443
4433	11383
8287	8344
8269	5166
4429	9748
4427	7344
8275	9553
8276	9202
8277	9754
8278	10698
4424	530
8282	128
8283	3271
4421	6548
4441	239
8248	3683
8245	318
8243	9392
4505	848
8199	3501
8203	4543
8204	9904
8205	11156
4491	336
4490	10966
4488	6924
4487	10429
8213	1062
4485	10027
8217	4297
8221	7356
8222	10029
8224	7529
4471	2211
4469	1606
4463	2783
8236	8570
4458	4998
4457	3312
4454	6758
4453	9601
4419	2602
4417	336
4247	7579
4291	11287
4302	108
8347	5923
4300	11383
4299	1710
8351	1095
4296	5871
8353	3842
4295	2400
8355	5807
8357	3164
4293	11066
4287	8390
8290	11125
4282	550
4281	4938
4276	7422
4266	2453
4265	9526
4262	10768
8375	2044
8377	7978
4259	5529
4250	8872
8384	770
4306	10778
4307	14
4317	7579
8337	4841
4411	2319
8292	9904
4408	530
4400	7548
8299	9349
4396	7290
4391	5154
4389	5059
4379	11434
4373	9971
8315	232
4369	804
4366	1582
4365	2927
4363	2400
4357	2644
8321	7750
8323	2725
4348	11288
4343	651
4336	7769
4331	9495
4327	3760
8594	9748
3965	8721
8599	10029
8838	5592
3667	1416
3664	1905
8826	2212
3661	2798
3659	10983
8830	4589
3648	3650
3646	11457
8834	1986
3643	9123
3642	10025
3634	8877
3607	10051
8842	988
3630	8743
8844	736
3629	11287
3623	1685
3622	4940
8855	6671
8857	9907
8858	6222
3614	1286
3613	3271
8821	6113
8820	11364
3673	10400
3674	2543
8777	5390
3736	7125
3734	95
8780	336
3726	6167
8787	5939
3711	11287
3708	1272
3705	465
8796	3066
8798	336
8801	7019
8803	7019
3696	9601
3690	3089
3688	2927
8808	1071
8809	2591
3685	6222
3681	9907
3678	2214
3677	1313
3676	5003
3612	6634
3604	2349
8600	108
8938	4304
3534	2349
8920	5923
8923	2564
3526	69
3520	6055
3516	5591
3513	8743
8930	4703
3512	4191
3509	9171
8937	3866
3496	4227
3602	7721
3489	1963
8942	10025
3487	6153
3485	10545
3484	9044
3479	8540
3478	8899
8949	7485
3463	7079
8957	2051
3457	9999
3540	5591
8913	10261
3541	272
8911	9922
3596	7191
3593	426
8873	6924
3591	3504
3589	7402
3586	5003
3585	6003
3577	232
8884	11000
3576	5096
8886	142
8887	825
3573	7579
8891	2564
3569	5036
3568	1108
8896	8051
3558	3915
8901	9413
8904	5591
3552	3794
3550	9029
8908	9922
3741	5230
3747	9059
8768	10778
3880	8899
3891	2846
3890	4392
8652	5059
8654	11494
8655	4957
3888	5262
8657	9138
3887	5564
8659	7344
8661	1958
8662	1903
3875	9885
8767	5618
3873	2262
3869	9526
8673	5591
3865	7734
3860	241
3857	10171
3852	6687
3851	10698
3850	2442
3846	2663
8686	9002
3898	5230
3899	1039
3909	241
3912	1832
3959	5563
8604	27
3956	8993
3953	4358
3944	2783
8613	159
3940	11140
3939	489
8617	2345
3935	4837
8622	9347
3928	11147
3927	7290
3925	11400
8630	2993
3923	5711
8632	2626
8633	5624
3921	3066
3920	3761
3917	530
8639	10809
8641	8870
8688	6167
3843	2400
8694	11156
3788	2235
3786	4409
8737	4542
3784	6987
8741	859
3781	11370
3773	7344
8745	3775
3765	4191
8750	5230
3762	2728
3759	3106
3758	4027
8755	7391
8756	7278
8757	5404
8758	10828
3756	1373
3755	2693
8761	3499
3754	5869
3753	9553
8765	6671
8766	1086
8733	7992
3791	3647
3836	3088
8728	10054
8697	1467
8698	4164
3834	9347
3831	10261
8702	5252
8703	3066
3829	770
3826	9757
8707	1108
8708	2261
8709	10568
3825	934
8712	5101
8715	11140
8716	7416
8718	5433
8719	3796
3815	7290
8723	9712
3805	5410
8725	5919
3804	5939
3793	6464
11536	3683
